ASM FILE 6 {
D:\Projects\TMU3132\TMU3132_HID_webkey_tino_getreport01h\TMU3132_HID_webkey_tino\TP6620 WEBKEY.asm
D:\Projects\TMU3132\TMU3132_HID_webkey_tino_getreport01h\TMU3132_HID_webkey_tino\SETUP.h
D:\Projects\TMU3132\TMU3132_HID_webkey_tino_getreport01h\TMU3132_HID_webkey_tino\HEAD.h
D:\Projects\TMU3132\TMU3132_HID_webkey_tino_getreport01h\TMU3132_HID_webkey_tino\USB_FUNC.asm
D:\Projects\TMU3132\TMU3132_HID_webkey_tino_getreport01h\TMU3132_HID_webkey_tino\Androidpath.asm
D:\Projects\TMU3132\TMU3132_HID_webkey_tino_getreport01h\TMU3132_HID_webkey_tino\USB_TBLS.asm
@@@@@: CODE 3180
3 6 000000 000000 0
3 11 000001 000001 0
3 12 000002 000002 0
3 13 000003 000003 0
3 14 000004 000004 0
3 15 000005 000005 0
3 16 000006 000006 0
3 17 000007 000007 0
3 18 000008 000008 0
3 20 000009 000009 0
3 21 00000A 00000A 0
3 22 00000B 00000B 0
3 23 00000C 00000C 0
3 24 00000D 00000D 0
3 29 00000E 00000E 0
3 30 00000F 00000F 0
3 31 000010 000010 0
3 33 000011 000011 0
3 35 000012 000012 0
3 36 000013 000013 0
3 38 000014 000014 0
3 39 000015 000015 0
3 41 000016 000016 0
3 42 000017 000017 0
3 43 000018 000018 0
3 44 000019 000019 0
3 47 00001A 00001A 0
3 48 00001B 00001B 0
3 49 00001C 00001C 0
3 51 00001D 00001D 0
3 52 00001E 00001E 0
3 54 00001F 00001F 0
3 55 000020 000020 0
3 56 000021 000021 0
3 57 000022 000022 0
3 58 000023 000023 0
3 59 000024 000024 0
3 60 000025 000025 0
3 61 000026 000026 0
3 62 000027 000027 0
3 63 000028 000028 0
3 64 000029 000029 0
3 65 00002A 00002A 0
3 68 00002B 00002B 0
3 69 00002C 00002C 0
3 70 00002D 00002D 0
3 72 00002E 00002E 0
3 73 00002F 00002F 0
3 76 000030 000030 0
3 78 000031 000031 0
3 79 000032 000032 0
3 80 000033 000033 0
3 82 000034 000034 0
3 85 000035 000035 0
3 86 000036 000036 0
3 87 000037 000037 0
3 89 000038 000038 0
3 90 000039 000039 0
3 95 00003A 00003A 0
3 96 00003B 00003B 0
3 97 00003C 00003C 0
3 98 00003D 00003D 0
3 101 00003E 00003E 0
3 102 00003F 00003F 0
3 103 000040 000040 0
3 105 000041 000041 0
3 106 000042 000042 0
3 109 000043 000043 0
3 111 000044 000044 0
3 112 000045 000045 0
3 113 000046 000046 0
3 114 000047 000047 0
3 117 000048 000048 0
3 118 000049 000049 0
3 119 00004A 00004A 0
3 121 00004B 00004B 0
3 122 00004C 00004C 0
3 127 00004D 00004D 0
3 128 00004E 00004E 0
3 129 00004F 00004F 0
3 130 000050 000050 0
3 133 000051 000051 0
3 134 000052 000052 0
3 135 000053 000053 0
3 137 000054 000054 0
3 138 000055 000055 0
3 143 000056 000056 0
3 144 000057 000057 0
3 145 000058 000058 0
3 146 000059 000059 0
3 149 00005A 00005A 0
3 150 00005B 00005B 0
3 151 00005C 00005C 0
3 153 00005D 00005D 0
3 154 00005E 00005E 0
3 157 00005F 00005F 0
3 159 000060 000060 0
3 160 000061 000061 0
3 161 000062 000062 0
3 162 000063 000063 0
3 165 000064 000064 0
3 166 000065 000065 0
3 167 000066 000066 0
3 169 000067 000067 0
3 170 000068 000068 0
3 172 000069 000069 0
3 173 00006A 00006A 0
3 175 00006B 00006B 0
3 176 00006C 00006C 0
3 177 00006D 00006D 0
3 178 00006E 00006E 0
3 179 00006F 00006F 0
3 180 000070 000070 0
3 181 000071 000071 0
3 182 000072 000072 0
3 183 000073 000073 0
3 184 000074 000074 0
3 185 000075 000075 0
3 186 000076 000076 0
3 187 000077 000077 0
3 188 000078 000078 0
3 189 000079 000079 0
3 190 00007A 00007A 0
3 191 00007B 00007B 0
3 192 00007C 00007C 0
3 193 00007D 00007D 0
3 195 00007E 00007E 0
3 196 00007F 00007F 0
3 197 000080 000080 0
3 198 000081 000081 0
3 201 000082 000082 0
3 202 000083 000083 0
3 203 000084 000084 0
3 205 000085 000085 0
3 206 000086 000086 0
3 209 000087 000087 0
3 211 000088 000088 0
3 212 000089 000089 0
3 213 00008A 00008A 0
3 214 00008B 00008B 0
3 219 00008C 00008C 0
3 220 00008D 00008D 0
3 221 00008E 00008E 0
3 224 00008F 00008F 0
3 225 000090 000090 0
3 227 000091 000091 0
3 228 000092 000092 0
3 230 000093 000093 0
3 232 000094 000094 0
3 236 000095 000095 0
3 237 000096 000096 0
3 238 000097 000097 0
3 239 000098 000098 0
3 242 000099 000099 0
3 243 00009A 00009A 0
3 244 00009B 00009B 0
3 246 00009C 00009C 0
3 247 00009D 00009D 0
3 250 00009E 00009E 0
3 252 00009F 00009F 0
3 253 0000A0 0000A0 0
3 254 0000A1 0000A1 0
3 255 0000A2 0000A2 0
3 256 0000A3 0000A3 0
3 258 0000A4 0000A4 0
3 259 0000A5 0000A5 0
3 262 0000A6 0000A6 0
3 263 0000A7 0000A7 0
3 265 0000A8 0000A8 0
3 266 0000A9 0000A9 0
3 267 0000AA 0000AA 0
3 268 0000AB 0000AB 0
3 269 0000AC 0000AC 0
3 271 0000AD 0000AD 0
3 272 0000AE 0000AE 0
3 273 0000AF 0000AF 0
3 274 0000B0 0000B0 0
3 277 0000B1 0000B1 0
3 278 0000B2 0000B2 0
3 279 0000B3 0000B3 0
3 281 0000B4 0000B4 0
3 282 0000B5 0000B5 0
3 284 0000B6 0000B6 0
3 286 0000B7 0000B7 0
3 287 0000B8 0000B8 0
3 304 0000B9 0000B9 0
3 305 0000BA 0000BA 0
3 306 0000BB 0000BB 0
3 307 0000BC 0000BC 0
3 310 0000BD 0000BD 0
3 311 0000BE 0000BE 0
3 313 0000BF 0000BF 0
3 314 0000C0 0000C0 0
3 317 0000C1 0000C1 0
3 319 0000C2 0000C2 0
3 320 0000C3 0000C3 0
3 322 0000C4 0000C4 0
3 323 0000C5 0000C5 0
3 326 0000C6 0000C6 0
3 327 0000C7 0000C7 0
3 330 0000C8 0000C8 0
3 331 0000C9 0000C9 0
3 332 0000CA 0000CA 0
3 334 0000CB 0000CB 0
3 335 0000CC 0000CC 0
3 336 0000CD 0000CD 0
3 337 0000CE 0000CE 0
3 338 0000CF 0000CF 0
3 339 0000D0 0000D0 0
3 341 0000D1 0000D1 0
3 342 0000D2 0000D2 0
3 343 0000D3 0000D3 0
3 344 0000D4 0000D4 0
3 347 0000D5 0000D5 0
3 348 0000D6 0000D6 0
3 349 0000D7 0000D7 0
3 355 0000D8 0000D8 0
3 357 0000D9 0000D9 0
3 358 0000DA 0000DA 0
3 359 0000DB 0000DB 0
3 360 0000DC 0000DC 0
3 361 0000DD 0000DD 0
3 362 0000DE 0000DE 0
3 363 0000DF 0000DF 0
3 364 0000E0 0000E0 0
3 395 0000E1 0000E1 0
3 396 0000E2 0000E2 0
3 397 0000E3 0000E3 0
3 398 0000E4 0000E4 0
3 399 0000E5 0000E5 0
3 401 0000E6 0000E6 0
3 403 0000E7 0000E7 0
3 404 0000E8 0000E8 0
3 405 0000E9 0000E9 0
3 406 0000EA 0000EA 0
3 407 0000EB 0000EB 0
3 409 0000EC 0000EC 0
3 410 0000ED 0000ED 0
3 412 0000EE 0000EE 0
3 413 0000EF 0000F0 0
3 415 0000F1 0000F1 0
3 416 0000F2 0000F2 0
3 417 0000F3 0000F3 0
3 418 0000F4 0000F4 0
3 422 0000F5 0000F5 0
3 423 0000F6 0000F6 0
3 424 0000F7 0000F7 0
3 425 0000F8 0000F8 0
3 427 0000F9 0000F9 0
3 429 0000FA 0000FA 0
3 431 0000FB 0000FB 0
3 432 0000FC 0000FC 0
3 433 0000FD 0000FD 0
3 434 0000FE 0000FE 0
3 436 0000FF 0000FF 0
3 437 000100 000100 0
3 438 000101 000101 0
3 439 000102 000102 0
3 440 000103 000103 0
3 441 000104 000104 0
3 442 000105 000105 0
3 447 000106 000106 0
3 449 000107 000107 0
3 450 000108 000108 0
3 451 000109 000109 0
3 452 00010A 00010A 0
3 453 00010B 00010B 0
3 454 00010C 00010C 0
3 455 00010D 00010D 0
3 456 00010E 00010E 0
3 459 00010F 00010F 0
3 460 000110 000110 0
3 461 000111 000111 0
3 462 000112 000112 0
3 473 000113 000113 0
3 475 000114 000114 0
3 476 000115 000115 0
3 477 000116 000116 0
3 478 000117 000117 0
3 480 000118 000118 0
3 481 000119 000119 0
3 482 00011A 00011A 0
3 483 00011B 00011B 0
3 484 00011C 00011C 0
3 485 00011D 00011D 0
3 487 00011E 00011E 0
3 488 00011F 00011F 0
3 489 000120 000120 0
3 490 000121 000121 0
3 494 000122 000122 0
3 495 000123 000123 0
3 496 000124 000124 0
3 497 000125 000125 0
3 499 000126 000126 0
3 500 000127 000127 0
3 501 000128 000128 0
3 502 000129 000129 0
3 503 00012A 00012A 0
3 504 00012B 00012B 0
3 508 00012C 00012C 0
3 509 00012D 00012D 0
3 510 00012E 00012E 0
3 511 00012F 00012F 0
3 513 000130 000130 0
3 514 000131 000131 0
3 515 000132 000132 0
3 516 000133 000133 0
3 518 000134 000134 0
3 519 000135 000135 0
3 520 000136 000136 0
3 521 000137 000137 0
3 523 000138 000138 0
3 524 000139 000139 0
3 525 00013A 00013A 0
3 526 00013B 00013B 0
3 528 00013C 00013C 0
3 529 00013D 00013D 0
3 530 00013E 00013E 0
3 531 00013F 00013F 0
3 533 000140 000140 0
3 534 000141 000141 0
3 535 000142 000142 0
3 536 000143 000143 0
3 538 000144 000144 0
3 541 000145 000145 0
3 542 000146 000146 0
3 544 000147 000147 0
3 545 000148 000148 0
3 546 000149 000149 0
3 550 00014A 00014A 0
3 551 00014B 00014B 0
3 552 00014C 00014C 0
3 553 00014D 00014D 0
3 554 00014E 00014E 0
3 555 00014F 00014F 0
3 556 000150 000150 0
3 557 000151 000151 0
3 558 000152 000152 0
3 559 000153 000153 0
3 562 000154 000154 0
3 563 000155 000155 0
3 564 000156 000156 0
3 565 000157 000157 0
3 566 000158 000158 0
3 567 000159 000159 0
3 568 00015A 00015A 0
3 569 00015B 00015B 0
3 570 00015C 00015C 0
3 571 00015D 00015D 0
3 574 00015E 00015E 0
3 575 00015F 00015F 0
3 576 000160 000160 0
3 577 000161 000161 0
3 579 000162 000162 0
3 580 000163 000163 0
3 581 000164 000164 0
3 583 000165 000165 0
3 584 000166 000166 0
3 585 000167 000167 0
3 591 000168 000168 0
3 592 000169 000169 0
3 593 00016A 00016A 0
3 594 00016B 00016B 0
3 595 00016C 00016C 0
3 596 00016D 00016D 0
3 597 00016E 00016E 0
3 598 00016F 00016F 0
3 600 000170 000170 0
3 601 000171 000171 0
3 602 000172 000172 0
3 603 000173 000173 0
3 604 000174 000174 0
3 606 000175 000175 0
3 607 000176 000176 0
3 608 000177 000177 0
3 609 000178 000178 0
3 610 000179 000179 0
3 612 00017A 00017A 0
3 613 00017B 00017B 0
3 614 00017C 00017C 0
3 615 00017D 00017D 0
3 617 00017E 00017E 0
3 618 00017F 00017F 0
3 619 000180 000180 0
3 620 000181 000181 0
3 621 000182 000182 0
3 622 000183 000183 0
3 623 000184 000184 0
3 624 000185 000185 0
3 625 000186 000186 0
3 626 000187 000187 0
3 627 000188 000188 0
3 628 000189 000189 0
3 629 00018A 00018A 0
3 630 00018B 00018B 0
3 632 00018C 00018C 0
3 633 00018D 00018D 0
3 635 00018E 00018E 0
3 636 00018F 00018F 0
3 637 000190 000190 0
3 645 000191 000191 0
3 648 000192 000192 0
3 649 000193 000193 0
3 650 000194 000194 0
3 651 000195 000195 0
3 652 000196 000196 0
3 654 000197 000197 0
3 655 000198 000198 0
3 656 000199 000199 0
3 657 00019A 00019A 0
3 658 00019B 00019B 0
3 659 00019C 00019C 0
3 660 00019D 00019D 0
3 661 00019E 00019E 0
3 663 00019F 00019F 0
3 664 0001A0 0001A0 0
3 665 0001A1 0001A1 0
3 666 0001A2 0001A2 0
3 667 0001A3 0001A3 0
3 668 0001A4 0001A4 0
3 669 0001A5 0001A5 0
3 670 0001A6 0001A6 0
3 671 0001A7 0001A7 0
3 672 0001A8 0001A8 0
3 674 0001A9 0001A9 0
3 675 0001AA 0001AA 0
3 677 0001AB 0001AB 0
3 678 0001AC 0001AC 0
3 680 0001AD 0001AD 0
3 681 0001AE 0001AE 0
3 682 0001AF 0001AF 0
3 683 0001B0 0001B0 0
3 685 0001B1 0001B1 0
3 721 0001B2 0001B2 0
3 722 0001B3 0001B3 0
3 723 0001B4 0001B4 0
3 724 0001B5 0001B5 0
3 727 0001B6 0001B6 0
3 728 0001B7 0001B7 0
3 736 0001B8 0001B8 0
3 737 0001B9 0001B9 0
3 738 0001BA 0001BA 0
3 739 0001BB 0001BB 0
3 741 0001BC 0001BC 0
3 742 0001BD 0001BD 0
3 743 0001BE 0001BE 0
3 746 0001BF 0001BF 0
3 747 0001C0 0001C0 0
3 748 0001C1 0001C1 0
3 749 0001C2 0001C2 0
3 751 0001C3 0001C3 0
3 752 0001C4 0001C4 0
3 758 0001C5 0001C5 0
3 759 0001C6 0001C6 0
3 760 0001C7 0001C7 0
3 761 0001C8 0001C8 0
3 762 0001C9 0001C9 0
3 765 0001CA 0001CA 0
3 766 0001CB 0001CB 0
3 767 0001CC 0001CC 0
3 769 0001CD 0001CD 0
3 770 0001CE 0001CE 0
3 771 0001CF 0001CF 0
3 772 0001D0 0001D0 0
3 773 0001D1 0001D1 0
3 774 0001D2 0001D2 0
3 775 0001D3 0001D3 0
3 776 0001D4 0001D4 0
3 777 0001D5 0001D5 0
3 778 0001D6 0001D6 0
3 779 0001D7 0001D7 0
3 780 0001D8 0001D8 0
3 781 0001D9 0001D9 0
3 782 0001DA 0001DA 0
3 783 0001DB 0001DB 0
3 784 0001DC 0001DC 0
3 785 0001DD 0001DD 0
3 786 0001DE 0001DE 0
3 788 0001DF 0001DF 0
3 789 0001E0 0001E0 0
3 790 0001E1 0001E1 0
3 793 0001E2 0001E2 0
3 794 0001E3 0001E3 0
3 795 0001E4 0001E4 0
3 796 0001E5 0001E5 0
3 797 0001E6 0001E6 0
3 798 0001E7 0001E7 0
3 799 0001E8 0001E8 0
3 800 0001E9 0001E9 0
3 801 0001EA 0001EA 0
3 802 0001EB 0001EB 0
3 803 0001EC 0001EC 0
3 804 0001ED 0001ED 0
3 807 0001EE 0001EE 0
3 808 0001EF 0001EF 0
3 810 0001F0 0001F0 0
3 811 0001F1 0001F1 0
3 813 0001F2 0001F2 0
3 814 0001F3 0001F3 0
3 815 0001F4 0001F4 0
3 816 0001F5 0001F5 0
3 817 0001F6 0001F6 0
3 818 0001F7 0001F7 0
3 819 0001F8 0001F8 0
3 820 0001F9 0001F9 0
3 821 0001FA 0001FA 0
3 822 0001FB 0001FB 0
3 824 0001FC 0001FC 0
3 825 0001FD 0001FD 0
3 826 0001FE 0001FE 0
3 830 0001FF 0001FF 0
3 832 000200 000200 0
3 834 000201 000201 0
3 835 000202 000202 0
3 836 000203 000203 0
3 837 000204 000204 0
3 838 000205 000205 0
3 839 000206 000206 0
3 841 000207 000207 0
3 842 000208 000208 0
3 843 000209 000209 0
3 846 00020A 00020A 0
3 847 00020B 00020B 0
3 848 00020C 00020C 0
3 849 00020D 00020D 0
3 851 00020E 00020E 0
3 852 00020F 00020F 0
3 853 000210 000210 0
3 856 000211 000211 0
3 859 000212 000212 0
3 860 000213 000213 0
3 861 000214 000214 0
3 862 000215 000215 0
3 864 000216 000216 0
3 865 000217 000217 0
3 867 000218 000218 0
3 868 000219 000219 0
3 869 00021A 00021A 0
3 870 00021B 00021B 0
3 871 00021C 00021C 0
3 872 00021D 00021D 0
3 873 00021E 00021E 0
3 874 00021F 00021F 0
3 875 000220 000220 0
3 876 000221 000221 0
3 877 000222 000222 0
3 878 000223 000223 0
3 880 000224 000224 0
3 883 000225 000225 0
3 884 000226 000226 0
3 889 000227 000227 0
3 890 000228 000228 0
3 891 000229 000229 0
3 892 00022A 00022A 0
3 893 00022B 00022B 0
3 894 00022C 00022C 0
3 895 00022D 00022D 0
3 896 00022E 00022E 0
3 897 00022F 00022F 0
3 898 000230 000230 0
3 899 000231 000231 0
3 900 000232 000232 0
3 901 000233 000233 0
3 902 000234 000234 0
3 903 000235 000235 0
3 906 000236 000236 0
3 907 000237 000237 0
3 908 000238 000238 0
3 909 000239 000239 0
3 910 00023A 00023A 0
3 911 00023B 00023B 0
3 912 00023C 00023C 0
3 913 00023D 00023D 0
3 914 00023E 00023E 0
3 915 00023F 00023F 0
3 916 000240 000240 0
3 917 000241 000241 0
3 918 000242 000242 0
3 919 000243 000243 0
3 920 000244 000244 0
3 921 000245 000245 0
3 932 000246 000246 0
3 933 000247 000247 0
3 935 000248 000248 0
3 936 000249 000249 0
3 937 00024A 00024A 0
3 938 00024B 00024B 0
3 939 00024C 00024C 0
3 940 00024D 00024D 0
3 942 00024E 00024E 0
3 943 00024F 00024F 0
3 944 000250 000250 0
3 945 000251 000251 0
3 946 000252 000252 0
3 947 000253 000253 0
3 949 000254 000254 0
3 950 000255 000255 0
3 951 000256 000256 0
3 952 000257 000257 0
3 953 000258 000258 0
3 954 000259 000259 0
3 955 00025A 00025A 0
3 959 00025B 00025B 0
3 960 00025C 00025C 0
3 1004 00025D 00025D 0
3 1005 00025E 00025E 0
3 1006 00025F 00025F 0
3 1007 000260 000260 0
3 1133 000261 000261 0
3 1138 000262 000262 0
3 1139 000263 000263 0
3 1141 000264 000264 0
3 1142 000265 000265 0
3 1143 000266 000266 0
3 1144 000267 000267 0
3 1147 000268 000268 0
3 1148 000269 000269 0
3 1149 00026A 00026A 0
3 1150 00026B 00026B 0
3 1151 00026C 00026C 0
3 1154 00026D 00026D 0
3 1155 00026E 00026E 0
3 1156 00026F 00026F 0
3 1160 000270 000270 0
3 1161 000271 000271 0
3 1164 000272 000272 0
3 1167 000273 000273 0
3 1170 000274 000274 0
3 1179 000275 000275 0
3 1180 000276 000276 0
3 1253 000277 000277 0
3 1254 000278 000278 0
3 1255 000279 000279 0
3 1256 00027A 00027A 0
3 1257 00027B 00027B 0
3 1258 00027C 00027C 0
3 1261 00027D 00027D 0
3 1262 00027E 00027E 0
3 1263 00027F 00027F 0
3 1264 000280 000280 0
3 1265 000281 000281 0
3 1266 000282 000282 0
3 1267 000283 000283 0
3 1268 000284 000284 0
3 1269 000285 000285 0
3 1270 000286 000286 0
3 1271 000287 000287 0
3 1272 000288 000288 0
3 1277 000289 000289 0
3 1278 00028A 00028A 0
3 1279 00028B 00028B 0
3 1280 00028C 00028C 0
3 1283 00028D 00028D 0
3 1284 00028E 00028E 0
3 1285 00028F 00028F 0
3 1286 000290 000290 0
3 1322 000291 000291 0
3 1323 000292 000292 0
3 1325 000293 000293 0
3 1326 000294 000294 0
3 1327 000295 000295 0
3 1328 000296 000296 0
3 1329 000297 000297 0
3 1331 000298 000298 0
3 1332 000299 000299 0
3 1333 00029A 00029A 0
3 1335 00029B 00029B 0
3 1336 00029C 00029C 0
3 1337 00029D 00029D 0
3 1338 00029E 00029E 0
3 1342 00029F 00029F 0
3 1343 0002A0 0002A0 0
3 1345 0002A1 0002A1 0
3 1349 0002A2 0002A2 0
3 1350 0002A3 0002A3 0
3 1351 0002A4 0002A4 0
3 1352 0002A5 0002A5 0
3 1354 0002A6 0002A6 0
3 1355 0002A7 0002A7 0
3 1356 0002A8 0002A8 0
3 1357 0002A9 0002A9 0
3 1359 0002AA 0002AA 0
3 1360 0002AB 0002AB 0
3 1361 0002AC 0002AC 0
3 1363 0002AD 0002AD 0
3 1366 0002AE 0002AE 0
3 1367 0002AF 0002AF 0
3 1368 0002B0 0002B0 0
3 1369 0002B1 0002B1 0
3 1371 0002B2 0002B2 0
3 1372 0002B3 0002B3 0
3 1373 0002B4 0002B4 0
3 1374 0002B5 0002B5 0
3 1376 0002B6 0002B6 0
3 1377 0002B7 0002B7 0
3 1378 0002B8 0002B8 0
3 1379 0002B9 0002B9 0
3 1382 0002BA 0002BA 0
3 1383 0002BB 0002BB 0
3 1384 0002BC 0002BC 0
3 1385 0002BD 0002BD 0
3 1387 0002BE 0002BE 0
3 1388 0002BF 0002BF 0
3 1389 0002C0 0002C0 0
3 1390 0002C1 0002C1 0
3 1393 0002C2 0002C2 0
3 1398 0002C3 0002C3 0
3 1399 0002C4 0002C4 0
3 1400 0002C5 0002C5 0
3 1402 0002C6 0002C6 0
3 1403 0002C7 0002C7 0
3 1404 0002C8 0002C8 0
3 1405 0002C9 0002C9 0
3 1406 0002CA 0002CA 0
3 1407 0002CB 0002CB 0
3 1408 0002CC 0002CC 0
3 1409 0002CD 0002CD 0
3 1410 0002CE 0002CE 0
3 1411 0002CF 0002CF 0
3 1412 0002D0 0002D0 0
3 1413 0002D1 0002D1 0
3 1417 0002D2 0002D2 0
3 1418 0002D3 0002D3 0
3 1419 0002D4 0002D4 0
3 1420 0002D5 0002D5 0
3 1422 0002D6 0002D6 0
3 1423 0002D7 0002D7 0
3 1426 0002D8 0002D8 0
3 1427 0002D9 0002D9 0
3 1428 0002DA 0002DA 0
3 1429 0002DB 0002DB 0
3 1430 0002DC 0002DC 0
3 1433 0002DD 0002DD 0
3 1434 0002DE 0002DE 0
3 1435 0002DF 0002DF 0
3 1436 0002E0 0002E0 0
3 1437 0002E1 0002E1 0
3 1440 0002E2 0002E2 0
3 1441 0002E3 0002E3 0
3 1442 0002E4 0002E4 0
3 1443 0002E5 0002E5 0
3 1445 0002E6 0002E6 0
3 1446 0002E7 0002E7 0
3 1447 0002E8 0002E8 0
3 1448 0002E9 0002E9 0
3 1450 0002EA 0002EA 0
3 1451 0002EB 0002EB 0
3 1452 0002EC 0002EC 0
3 1453 0002ED 0002ED 0
3 1456 0002EE 0002EE 0
3 1460 0002EF 0002EF 0
3 1461 0002F0 0002F0 0
3 1462 0002F1 0002F1 0
3 1463 0002F2 0002F2 0
3 1464 0002F3 0002F3 0
3 1467 0002F4 0002F4 0
3 1482 0002F5 0002F5 0
3 1485 0002F6 0002F6 0
3 1486 0002F7 0002F7 0
3 1489 0002F8 0002F8 0
3 1490 0002F9 0002F9 0
3 1493 0002FA 0002FA 0
3 1510 0002FB 0002FB 0
3 1513 0002FC 0002FC 0
3 1514 0002FD 0002FD 0
3 1517 0002FE 0002FE 0
3 1518 0002FF 0002FF 0
3 1522 000300 000300 0
3 1523 000301 000301 0
3 1524 000302 000302 0
3 1525 000303 000303 0
3 1531 000304 000304 0
3 1533 000305 000305 0
3 1534 000306 000306 0
3 1535 000307 000307 0
3 1536 000308 000308 0
3 1537 000309 000309 0
3 1548 00030A 00030A 0
3 1549 00030B 00030B 0
3 1550 00030C 00030C 0
3 1551 00030D 00030D 0
3 1552 00030E 00030E 0
3 1558 00030F 00030F 0
3 1560 000310 000310 0
3 1561 000311 000311 0
3 1562 000312 000312 0
3 1563 000313 000313 0
3 1565 000314 000314 0
3 1617 000315 000315 0
3 1618 000316 000316 0
3 1619 000317 000317 0
3 1621 000318 000318 0
3 1640 000319 000319 0
3 1641 00031A 00031A 0
3 1642 00031B 00031B 0
3 1643 00031C 00031C 0
3 1644 00031D 00031D 0
3 1648 00031E 00031E 0
3 1649 00031F 00031F 0
3 1650 000320 000320 0
3 1651 000321 000321 0
3 1653 000322 000322 0
3 1654 000323 000323 0
3 1655 000324 000324 0
3 1656 000325 000325 0
3 1657 000326 000326 0
3 1661 000327 000327 0
3 1662 000328 000328 0
3 1663 000329 000329 0
3 1664 00032A 00032A 0
3 1667 00032B 00032B 0
3 1668 00032C 00032C 0
3 1669 00032D 00032D 0
3 1670 00032E 00032E 0
3 1672 00032F 00032F 0
3 1673 000330 000330 0
3 1674 000331 000331 0
3 1675 000332 000332 0
3 1676 000333 000333 0
3 1677 000334 000334 0
3 1678 000335 000335 0
3 1679 000336 000336 0
3 1680 000337 000337 0
3 1683 000338 000338 0
3 1684 000339 000339 0
3 1686 00033A 00033A 0
3 1687 00033B 00033B 0
3 1688 00033C 00033C 0
3 1690 00033D 00033D 0
3 1691 00033E 00033E 0
3 1692 00033F 00033F 0
3 1693 000340 000340 0
3 1695 000341 000341 0
3 1696 000342 000342 0
3 1698 000343 000343 0
3 1699 000344 000344 0
3 1701 000345 000345 0
3 1702 000346 000346 0
3 1703 000347 000347 0
3 1704 000348 000348 0
3 1705 000349 000349 0
3 1706 00034A 00034A 0
3 1707 00034B 00034B 0
3 1714 00034C 00034C 0
3 1715 00034D 00034D 0
3 1716 00034E 00034E 0
3 1719 00034F 00034F 0
3 1720 000350 000350 0
3 1721 000351 000351 0
3 1722 000352 000352 0
3 1724 000353 000353 0
3 1725 000354 000354 0
3 1726 000355 000355 0
3 1727 000356 000356 0
3 1730 000357 000357 0
3 1731 000358 000358 0
3 1732 000359 000359 0
3 1735 00035A 00035A 0
3 1736 00035B 00035B 0
3 1737 00035C 00035C 0
3 1738 00035D 00035D 0
3 1740 00035E 00035E 0
3 1741 00035F 00035F 0
3 1742 000360 000360 0
3 1743 000361 000361 0
3 1745 000362 000362 0
3 1746 000363 000363 0
3 1747 000364 000364 0
3 1748 000365 000365 0
3 1750 000366 000366 0
3 1751 000367 000367 0
3 1752 000368 000368 0
3 1753 000369 000369 0
3 1755 00036A 00036A 0
3 1756 00036B 00036B 0
3 1757 00036C 00036C 0
3 1758 00036D 00036D 0
3 1761 00036E 00036E 0
3 1762 00036F 00036F 0
3 1764 000370 000370 0
3 1767 000371 000371 0
3 1768 000372 000372 0
3 1769 000373 000373 0
3 1771 000374 000374 0
3 1773 000375 000375 0
3 1774 000376 000376 0
3 1775 000377 000377 0
3 1777 000378 000378 0
3 1778 000379 000379 0
3 1779 00037A 00037A 0
3 1781 00037B 00037B 0
3 1782 00037C 00037C 0
3 1783 00037D 00037D 0
3 1785 00037E 00037E 0
3 1786 00037F 00037F 0
3 1787 000380 000380 0
3 1788 000381 000381 0
3 1789 000382 000382 0
3 1790 000383 000383 0
3 1793 000384 000384 0
3 1794 000385 000385 0
3 1797 000386 000386 0
3 1798 000387 000387 0
3 1799 000388 000388 0
3 1800 000389 000389 0
3 1802 00038A 00038A 0
3 1803 00038B 00038B 0
3 1804 00038C 00038C 0
3 1805 00038D 00038D 0
3 1808 00038E 00038E 0
3 1809 00038F 00038F 0
3 1810 000390 000390 0
3 1813 000391 000391 0
3 1814 000392 000392 0
3 1815 000393 000393 0
3 1816 000394 000394 0
3 1818 000395 000395 0
3 1819 000396 000396 0
3 1820 000397 000397 0
3 1821 000398 000398 0
3 1823 000399 000399 0
3 1824 00039A 00039A 0
3 1825 00039B 00039B 0
3 1826 00039C 00039C 0
3 1828 00039D 00039D 0
3 1829 00039E 00039E 0
3 1830 00039F 00039F 0
3 1831 0003A0 0003A0 0
3 1833 0003A1 0003A1 0
3 1834 0003A2 0003A2 0
3 1837 0003A3 0003A3 0
3 1838 0003A4 0003A4 0
3 1841 0003A5 0003A5 0
3 1842 0003A6 0003A6 0
3 1845 0003A7 0003A7 0
3 1846 0003A8 0003A8 0
3 1849 0003A9 0003A9 0
3 1850 0003AA 0003AA 0
3 1851 0003AB 0003AB 0
3 1852 0003AC 0003AC 0
3 1853 0003AD 0003AD 0
3 1854 0003AE 0003AE 0
3 1857 0003AF 0003AF 0
3 1858 0003B0 0003B0 0
3 1863 0003B1 0003B1 0
3 1864 0003B2 0003B2 0
3 1865 0003B3 0003B3 0
3 1866 0003B4 0003B4 0
3 1868 0003B5 0003B5 0
3 1869 0003B6 0003B6 0
3 1870 0003B7 0003B7 0
3 1871 0003B8 0003B8 0
3 1873 0003B9 0003B9 0
3 1874 0003BA 0003BA 0
3 1875 0003BB 0003BB 0
3 1876 0003BC 0003BC 0
3 1879 0003BD 0003BD 0
3 1880 0003BE 0003BE 0
3 1881 0003BF 0003BF 0
3 1883 0003C0 0003C0 0
3 1884 0003C1 0003C1 0
3 1885 0003C2 0003C2 0
3 1886 0003C3 0003C3 0
3 1888 0003C4 0003C4 0
3 1889 0003C5 0003C5 0
3 1890 0003C6 0003C6 0
3 1891 0003C7 0003C7 0
3 1893 0003C8 0003C8 0
3 1894 0003C9 0003C9 0
3 1895 0003CA 0003CA 0
3 1896 0003CB 0003CB 0
3 1898 0003CC 0003CC 0
3 1899 0003CD 0003CD 0
3 1900 0003CE 0003CE 0
3 1901 0003CF 0003CF 0
3 1903 0003D0 0003D0 0
3 1904 0003D1 0003D1 0
3 1905 0003D2 0003D2 0
3 1906 0003D3 0003D3 0
3 1908 0003D4 0003D4 0
3 1909 0003D5 0003D5 0
3 1910 0003D6 0003D6 0
3 1911 0003D7 0003D7 0
3 1912 0003D8 0003D8 0
3 1915 0003D9 0003D9 0
3 1916 0003DA 0003DA 0
3 1917 0003DB 0003DB 0
3 1920 0003DC 0003DC 0
3 1921 0003DD 0003DD 0
3 1922 0003DE 0003DE 0
3 1923 0003DF 0003DF 0
3 1924 0003E0 0003E0 0
3 1927 0003E1 0003E1 0
3 1928 0003E2 0003E2 0
3 1929 0003E3 0003E3 0
3 1930 0003E4 0003E4 0
3 1931 0003E5 0003E5 0
3 1933 0003E6 0003E6 0
3 1934 0003E7 0003E7 0
3 1935 0003E8 0003E8 0
3 1936 0003E9 0003E9 0
3 1938 0003EA 0003EA 0
3 1939 0003EB 0003EB 0
3 1942 0003EC 0003EC 0
3 1943 0003ED 0003ED 0
3 1944 0003EE 0003EE 0
3 1945 0003EF 0003EF 0
3 1946 0003F0 0003F0 0
3 1949 0003F1 0003F1 0
3 1950 0003F2 0003F2 0
3 1951 0003F3 0003F3 0
3 1952 0003F4 0003F4 0
3 1955 0003F5 0003F5 0
3 1956 0003F6 0003F6 0
3 1957 0003F7 0003F7 0
3 1961 0003F8 0003F8 0
3 1962 0003F9 0003F9 0
3 1963 0003FA 0003FA 0
3 1964 0003FB 0003FB 0
3 1967 0003FC 0003FC 0
3 1968 0003FD 0003FD 0
3 1969 0003FE 0003FE 0
3 1970 0003FF 0003FF 0
3 1971 000400 000400 0
3 1975 000401 000401 0
3 1976 000402 000402 0
3 1977 000403 000403 0
3 1978 000404 000404 0
3 1980 000405 000405 0
3 1981 000406 000406 0
3 1983 000407 000407 0
3 1984 000408 000408 0
3 1985 000409 000409 0
3 1986 00040A 00040A 0
3 1988 00040B 00040B 0
3 1989 00040C 00040C 0
3 1990 00040D 00040D 0
3 1991 00040E 00040E 0
3 1993 00040F 00040F 0
3 1994 000410 000410 0
3 1995 000411 000411 0
3 1996 000412 000412 0
3 1999 000413 000413 0
3 2000 000414 000414 0
3 2001 000415 000415 0
3 2002 000416 000416 0
3 2003 000417 000417 0
3 2004 000418 000418 0
3 2005 000419 000419 0
3 2007 00041A 00041A 0
3 2008 00041B 00041B 0
3 2009 00041C 00041C 0
3 2012 00041D 00041D 0
3 2013 00041E 00041E 0
3 2014 00041F 00041F 0
3 2015 000420 000420 0
3 2016 000421 000421 0
3 2017 000422 000422 0
3 2019 000423 000423 0
3 2022 000424 000424 0
3 2023 000425 000425 0
3 2033 000426 000426 0
3 2034 000427 000427 0
3 2036 000428 000428 0
3 2037 000429 000429 0
3 2039 00042A 00042A 0
3 2040 00042B 00042B 0
3 2043 00042C 00042C 0
3 2044 00042D 00042D 0
3 2049 00042E 00042E 0
3 2055 00042F 00042F 0
3 2057 000430 000430 0
3 2058 000431 000431 0
3 2059 000432 000432 0
3 2060 000433 000433 0
3 2061 000434 000434 0
3 2064 000435 000435 0
3 2065 000436 000436 0
3 2067 000437 000437 0
3 2068 000438 000438 0
3 2069 000439 000439 0
3 2072 00043A 00043A 0
3 2073 00043B 00043B 0
3 2078 00043C 00043C 0
3 2079 00043D 00043D 0
3 2081 00043E 00043E 0
3 2082 00043F 00043F 0
3 2083 000440 000440 0
3 2084 000441 000441 0
3 2085 000442 000442 0
3 2091 000443 000443 0
3 2092 000444 000444 0
3 2093 000445 000445 0
3 2094 000446 000446 0
3 2095 000447 000447 0
3 2096 000448 000448 0
3 2097 000449 000449 0
3 2099 00044A 00044A 0
3 2100 00044B 00044B 0
3 2101 00044C 00044C 0
3 2102 00044D 00044D 0
3 2105 00044E 00044E 0
3 2106 00044F 00044F 0
3 2107 000450 000450 0
3 2108 000451 000451 0
3 2122 000452 000452 0
3 2123 000453 000453 0
3 2125 000454 000454 0
3 2126 000455 000455 0
3 2128 000456 000456 0
3 2129 000457 000457 0
3 2130 000458 000458 0
3 2131 000459 000459 0
3 2132 00045A 00045A 0
3 2133 00045B 00045B 0
3 2134 00045C 00045C 0
3 2135 00045D 00045D 0
3 2136 00045E 00045E 0
3 2137 00045F 00045F 0
3 2138 000460 000460 0
3 2139 000461 000461 0
3 2142 000462 000462 0
3 2143 000463 000463 0
3 2144 000464 000464 0
3 2146 000465 000465 0
3 2149 000466 000466 0
3 2150 000467 000467 0
3 2152 000468 000468 0
3 2153 000469 000469 0
3 2154 00046A 00046A 0
3 2155 00046B 00046B 0
3 2156 00046C 00046C 0
3 2157 00046D 00046D 0
3 2158 00046E 00046E 0
3 2159 00046F 00046F 0
3 2161 000470 000470 0
3 2162 000471 000471 0
3 2163 000472 000472 0
3 2164 000473 000473 0
3 2165 000474 000474 0
3 2166 000475 000475 0
3 2167 000476 000476 0
3 2169 000477 000477 0
3 2171 000478 000478 0
3 2172 000479 000479 0
3 2173 00047A 00047A 0
3 2306 00047B 00047B 0
3 2307 00047C 00047C 0
3 2310 00047D 00047D 0
3 2311 00047E 00047E 0
3 2312 00047F 00047F 0
3 2313 000480 000480 0
3 2314 000481 000481 0
3 2315 000482 000482 0
3 2359 000483 000483 0
3 2360 000484 000484 0
3 2361 000485 000485 0
3 2362 000486 000486 0
3 2363 000487 000487 0
3 2364 000488 000488 0
3 2366 000489 000489 0
3 2367 00048A 00048A 0
3 2369 00048B 00048B 0
3 2370 00048C 00048C 0
3 2371 00048D 00048D 0
3 2372 00048E 00048E 0
3 2373 00048F 00048F 0
3 2374 000490 000490 0
3 2375 000491 000491 0
3 2376 000492 000492 0
3 2377 000493 000493 0
3 2378 000494 000494 0
3 2379 000495 000495 0
3 2380 000496 000496 0
3 2381 000497 000497 0
3 2382 000498 000498 0
3 2383 000499 000499 0
3 2384 00049A 00049A 0
3 2385 00049B 00049B 0
3 2386 00049C 00049C 0
3 2387 00049D 00049D 0
3 2393 00049E 00049E 0
3 2398 00049F 00049F 0
3 2399 0004A0 0004A0 0
3 2400 0004A1 0004A1 0
3 2401 0004A2 0004A2 0
3 2405 0004A3 0004A3 0
3 2406 0004A4 0004A4 0
3 2407 0004A5 0004A5 0
3 2415 0004A6 0004A6 0
3 2416 0004A7 0004A7 0
3 2417 0004A8 0004A8 0
3 2421 0004A9 0004A9 0
3 2422 0004AA 0004AA 0
3 2423 0004AB 0004AB 0
3 2424 0004AC 0004AC 0
3 2425 0004AD 0004AD 0
3 2426 0004AE 0004AE 0
3 2427 0004AF 0004AF 0
3 2428 0004B0 0004B0 0
3 2430 0004B1 0004B1 0
3 2476 0004B2 0004B2 0
3 2477 0004B3 0004B3 0
3 2478 0004B4 0004B4 0
3 2479 0004B5 0004B5 0
3 2480 0004B6 0004B6 0
3 2481 0004B7 0004B7 0
3 2483 0004B8 0004B8 0
3 2485 0004B9 0004B9 0
3 2486 0004BA 0004BA 0
3 2487 0004BB 0004BB 0
3 2488 0004BC 0004BC 0
3 2489 0004BD 0004BD 0
3 2490 0004BE 0004BE 0
3 2491 0004BF 0004BF 0
3 2492 0004C0 0004C0 0
3 2496 0004C1 0004C1 0
3 2497 0004C2 0004C2 0
3 2498 0004C3 0004C3 0
3 2499 0004C4 0004C4 0
3 2500 0004C5 0004C5 0
3 2501 0004C6 0004C6 0
3 2502 0004C7 0004C7 0
3 2503 0004C8 0004C8 0
3 2504 0004C9 0004C9 0
3 2505 0004CA 0004CA 0
3 2506 0004CB 0004CB 0
3 2507 0004CC 0004CC 0
3 2508 0004CD 0004CD 0
3 2509 0004CE 0004CE 0
3 2510 0004CF 0004CF 0
3 2511 0004D0 0004D0 0
3 2512 0004D1 0004D1 0
3 2515 0004D2 0004D2 0
3 2516 0004D3 0004D3 0
3 2518 0004D4 0004D4 0
3 2519 0004D5 0004D5 0
3 2520 0004D6 0004D6 0
3 2521 0004D7 0004D7 0
3 2522 0004D8 0004D8 0
3 2523 0004D9 0004D9 0
3 2524 0004DA 0004DA 0
3 2525 0004DB 0004DB 0
3 2526 0004DC 0004DC 0
3 2529 0004DD 0004DD 0
3 2532 0004DE 0004DE 0
3 2533 0004DF 0004DF 0
3 2534 0004E0 0004E0 0
3 2535 0004E1 0004E1 0
3 2536 0004E2 0004E2 0
3 2537 0004E3 0004E3 0
3 2538 0004E4 0004E4 0
3 2548 0004E5 0004E5 0
3 2551 0004E6 0004E6 0
3 2552 0004E7 0004E7 0
3 2553 0004E8 0004E8 0
3 2555 0004E9 0004E9 0
3 2556 0004EA 0004EA 0
3 2557 0004EB 0004EB 0
3 2558 0004EC 0004EC 0
3 2559 0004ED 0004ED 0
3 2560 0004EE 0004EE 0
3 2561 0004EF 0004EF 0
3 2562 0004F0 0004F0 0
3 2563 0004F1 0004F1 0
3 2564 0004F2 0004F2 0
3 2565 0004F3 0004F3 0
3 2566 0004F4 0004F4 0
3 2567 0004F5 0004F5 0
3 2568 0004F6 0004F6 0
3 2580 0004F7 0004F7 0
3 2581 0004F8 0004F8 0
3 2582 0004F9 0004F9 0
3 2583 0004FA 0004FA 0
3 2585 0004FB 0004FB 0
3 2586 0004FC 0004FC 0
3 2588 0004FD 0004FD 0
3 2589 0004FE 0004FE 0
3 2590 0004FF 0004FF 0
3 2591 000500 000500 0
3 2593 000501 000501 0
3 2594 000502 000502 0
3 2595 000503 000503 0
3 2596 000504 000504 0
3 2597 000505 000505 0
3 2598 000506 000506 0
3 2601 000507 000507 0
3 2602 000508 000508 0
3 2603 000509 000509 0
3 2604 00050A 00050A 0
3 2607 00050B 00050B 0
3 2608 00050C 00050C 0
3 2611 00050D 00050D 0
3 2624 00050E 00050E 0
3 2625 00050F 00050F 0
3 2626 000510 000510 0
3 2627 000511 000511 0
3 2628 000512 000512 0
3 2629 000513 000513 0
3 2630 000514 000514 0
3 2631 000515 000515 0
3 2632 000516 000516 0
3 2633 000517 000517 0
3 2636 000518 000518 0
3 2637 000519 000519 0
3 2638 00051A 00051A 0
3 2639 00051B 00051B 0
3 2641 00051C 00051C 0
3 2642 00051D 00051D 0
3 2644 00051E 00051E 0
3 2645 00051F 00051F 0
3 2646 000520 000520 0
3 2647 000521 000521 0
3 2649 000522 000522 0
3 2650 000523 000523 0
3 2651 000524 000524 0
3 2652 000525 000525 0
3 2653 000526 000526 0
3 2654 000527 000527 0
3 2657 000528 000528 0
3 2658 000529 000529 0
3 2659 00052A 00052A 0
3 2660 00052B 00052B 0
3 2661 00052C 00052C 0
3 2662 00052D 00052D 0
3 2663 00052E 00052E 0
3 2664 00052F 00052F 0
3 2665 000530 000530 0
3 2666 000531 000531 0
3 2669 000532 000532 0
3 2670 000533 000533 0
3 2671 000534 000534 0
3 2674 000535 000535 0
3 2675 000536 000536 0
3 2676 000537 000537 0
3 2677 000538 000538 0
3 2678 000539 000539 0
3 2679 00053A 00053A 0
3 2680 00053B 00053B 0
3 2681 00053C 00053C 0
3 2682 00053D 00053D 0
3 2705 00053E 00053E 0
3 2707 00053F 000549 0
3 2708 00054A 00054A 0
3 2709 00054B 00054B 0
3 2710 00054C 00054C 0
3 2823 00054D 00054D 0
3 2824 00054E 00054E 0
3 2825 00054F 00054F 0
3 2827 000550 000550 0
3 2828 000551 000551 0
3 2829 000552 000552 0
3 2831 000553 000553 0
3 2832 000554 000554 0
3 2833 000555 000555 0
3 2835 000556 000556 0
3 2836 000557 000557 0
3 2837 000558 000558 0
3 2838 000559 000559 0
3 2840 00055A 00055A 0
3 2841 00055B 00055B 0
3 2842 00055C 00055C 0
3 2844 00055D 00055D 0
3 2845 00055E 00055E 0
3 2846 00055F 00055F 0
3 2848 000560 000560 0
3 2851 000561 000561 0
3 2852 000562 000562 0
3 2853 000563 000563 0
3 2855 000564 000564 0
3 2856 000565 000565 0
3 2857 000566 000566 0
3 2858 000567 000567 0
3 2859 000568 000568 0
3 2860 000569 000569 0
3 2862 00056A 00056A 0
3 2863 00056B 00056B 0
3 2864 00056C 00056C 0
3 2865 00056D 00056D 0
3 2868 00056E 00056E 0
3 2869 00056F 00056F 0
3 2870 000570 000570 0
3 2872 000571 000571 0
3 2873 000572 000572 0
3 2874 000573 000573 0
3 2875 000574 000574 0
3 2876 000575 000575 0
3 2877 000576 000576 0
3 2879 000577 000577 0
3 2880 000578 000578 0
3 2881 000579 000579 0
3 2882 00057A 00057A 0
3 2902 00057B 00057B 0
3 2903 00057C 00057C 0
3 2904 00057D 00057D 0
3 2905 00057E 00057E 0
3 2906 00057F 00057F 0
3 2907 000580 000580 0
3 2908 000581 000581 0
3 2909 000582 000582 0
3 2910 000583 000583 0
3 2913 000584 000584 0
3 2914 000585 000585 0
3 2915 000586 000586 0
3 2920 000587 000587 0
3 2921 000588 000588 0
3 2922 000589 000589 0
3 2923 00058A 00058A 0
3 2924 00058B 00058B 0
3 2926 00058C 00058C 0
3 2927 00058D 00058D 0
3 2928 00058E 00058E 0
3 2929 00058F 00058F 0
3 2930 000590 000590 0
3 2931 000591 000591 0
3 2932 000592 000592 0
3 2933 000593 000593 0
3 2934 000594 000594 0
3 2935 000595 000595 0
3 2937 000596 000596 0
3 2938 000597 000597 0
3 2940 000598 000598 0
3 2941 000599 000599 0
3 2942 00059A 00059A 0
3 2944 00059B 00059B 0
3 2945 00059C 00059C 0
3 2946 00059D 00059D 0
3 2947 00059E 00059E 0
3 2948 00059F 00059F 0
3 2949 0005A0 0005A0 0
3 2953 0005A1 0005A1 0
3 2954 0005A2 0005A2 0
3 2955 0005A3 0005A3 0
3 2956 0005A4 0005A4 0
3 2957 0005A5 0005A5 0
3 2959 0005A6 0005A6 0
3 2960 0005A7 0005A7 0
3 2961 0005A8 0005A8 0
3 2962 0005A9 0005A9 0
3 2963 0005AA 0005AA 0
3 2964 0005AB 0005AB 0
3 2965 0005AC 0005AC 0
3 2966 0005AD 0005AD 0
3 2967 0005AE 0005AE 0
3 2968 0005AF 0005AF 0
3 2969 0005B0 0005B0 0
3 2970 0005B1 0005B1 0
3 2971 0005B2 0005B2 0
3 2972 0005B3 0005B3 0
3 2973 0005B4 0005B4 0
3 2974 0005B5 0005B5 0
3 2976 0005B6 0005B6 0
3 2977 0005B7 0005B7 0
3 2978 0005B8 0005B8 0
3 2982 0005B9 0005B9 0
3 2983 0005BA 0005BA 0
3 2985 0005BB 0005BB 0
3 2986 0005BC 0005BC 0
3 2987 0005BD 0005BD 0
3 2988 0005BE 0005BE 0
3 2989 0005BF 0005BF 0
3 2990 0005C0 0005C0 0
3 2992 0005C1 0005C1 0
3 2993 0005C2 0005C2 0
3 2994 0005C3 0005C3 0
3 2995 0005C4 0005C4 0
3 2996 0005C5 0005C5 0
3 2997 0005C6 0005C6 0
3 2998 0005C7 0005C7 0
3 2999 0005C8 0005C8 0
3 3000 0005C9 0005C9 0
3 3065 000600 000600 0
3 3067 000601 000601 0
3 3068 000602 000602 0
3 3069 000603 000603 0
3 3070 000604 000604 0
3 3071 000605 000605 0
3 3072 000606 000606 0
3 3073 000607 000607 0
3 3074 000608 000608 0
3 3075 000609 000609 0
3 3076 00060A 00060A 0
3 3077 00060B 00060B 0
3 3078 00060C 00060C 0
3 3079 00060D 00060D 0
3 3080 00060E 00060E 0
3 3081 00060F 00060F 0
3 3082 000610 000610 0
3 3083 000611 000611 0
3 3084 000612 000612 0
3 3085 000613 000613 0
3 3086 000614 000614 0
3 3087 000615 000615 0
3 3088 000616 000616 0
3 3089 000617 000617 0
3 3090 000618 000618 0
3 3091 000619 000619 0
3 3092 00061A 00061A 0
3 3093 00061B 00061B 0
3 3094 00061C 00061C 0
3 3095 00061D 00061D 0
3 3096 00061E 00061E 0
3 3097 00061F 00061F 0
3 3098 000620 000620 0
3 3099 000621 000621 0
3 3100 000622 000622 0
3 3101 000623 000623 0
3 3102 000624 000624 0
3 3103 000625 000625 0
3 3104 000626 000626 0
3 3105 000627 000627 0
3 3106 000628 000628 0
3 3107 000629 000629 0
3 3108 00062A 00062A 0
3 3109 00062B 00062B 0
3 3110 00062C 00062C 0
3 3111 00062D 00062D 0
3 3112 00062E 00062E 0
3 3113 00062F 00062F 0
3 3114 000630 000630 0
3 3115 000631 000631 0
3 3116 000632 000632 0
3 3117 000633 000633 0
3 3118 000634 000634 0
3 3119 000635 000635 0
3 3120 000636 000636 0
3 3121 000637 000637 0
3 3122 000638 000638 0
3 3123 000639 000639 0
3 3124 00063A 00063A 0
3 3125 00063B 00063B 0
3 3126 00063C 00063C 0
3 3127 00063D 00063D 0
3 3128 00063E 00063E 0
3 3129 00063F 00063F 0
3 3130 000640 000640 0
3 3131 000641 000641 0
3 3132 000642 000642 0
3 3133 000643 000643 0
3 3134 000644 000644 0
3 3135 000645 000645 0
3 3136 000646 000646 0
3 3137 000647 000647 0
3 3138 000648 000648 0
3 3139 000649 000649 0
3 3140 00064A 00064A 0
3 3141 00064B 00064B 0
3 3142 00064C 00064C 0
3 3143 00064D 00064D 0
3 3144 00064E 00064E 0
3 3145 00064F 00064F 0
3 3146 000650 000650 0
3 3157 000651 000651 0
3 3158 000652 000652 0
3 3159 000653 000653 0
3 3160 000654 000654 0
3 3161 000655 000655 0
3 3273 000656 000656 0
3 3274 000657 000657 0
3 3275 000658 000658 0
3 3276 000659 000659 0
3 3277 00065A 00065A 0
3 3278 00065B 00065B 0
3 3279 00065C 00065C 0
3 3280 00065D 00065D 0
3 3281 00065E 00065E 0
3 3282 00065F 00065F 0
3 3283 000660 000660 0
3 3284 000661 000661 0
3 3285 000662 000662 0
3 3286 000663 000663 0
3 3287 000664 000664 0
3 3288 000665 000665 0
3 3289 000666 000666 0
3 3290 000667 000667 0
3 3292 000668 000668 0
3 3293 000669 000669 0
3 3294 00066A 00066A 0
3 3295 00066B 00066B 0
3 3296 00066C 00066C 0
3 3297 00066D 00066D 0
3 3298 00066E 00066E 0
3 3299 00066F 00066F 0
3 3300 000670 000670 0
3 3301 000671 000671 0
3 3303 000672 000672 0
3 3304 000673 000673 0
3 3305 000674 000674 0
3 3306 000675 000675 0
3 3307 000676 000676 0
3 3308 000677 000677 0
3 3309 000678 000678 0
3 3310 000679 000679 0
3 3311 00067A 00067A 0
3 3312 00067B 00067B 0
3 3314 00067C 00067C 0
3 3315 00067D 00067D 0
3 3316 00067E 00067E 0
3 3317 00067F 00067F 0
3 3318 000680 000680 0
3 3319 000681 000681 0
3 3320 000682 000682 0
3 3322 000683 000683 0
3 3323 000684 000684 0
3 3324 000685 000685 0
3 3325 000686 000686 0
3 3326 000687 000687 0
3 3327 000688 000688 0
3 3328 000689 000689 0
3 3329 00068A 00068A 0
3 3330 00068B 00068B 0
3 3331 00068C 00068C 0
3 3332 00068D 00068D 0
3 3338 00068E 00068E 0
3 3339 00068F 00068F 0
3 3340 000690 000690 0
3 3342 000691 000691 0
3 3343 000692 000692 0
3 3344 000693 000693 0
3 3345 000694 000694 0
3 3346 000695 000695 0
3 3347 000696 000696 0
3 3348 000697 000697 0
3 3349 000698 000698 0
3 3350 000699 000699 0
3 3351 00069A 00069A 0
3 3352 00069B 00069B 0
3 3353 00069C 00069C 0
3 3358 00069D 00069D 0
3 3361 00069E 00069E 0
3 3362 00069F 00069F 0
3 3363 0006A0 0006A0 0
3 3364 0006A1 0006A1 0
3 3365 0006A2 0006A2 0
3 3366 0006A3 0006A3 0
3 3367 0006A4 0006A4 0
3 3368 0006A5 0006A5 0
3 3369 0006A6 0006A6 0
3 3370 0006A7 0006A7 0
3 3371 0006A8 0006A8 0
3 3372 0006A9 0006A9 0
3 3373 0006AA 0006AA 0
3 3374 0006AB 0006AB 0
3 3375 0006AC 0006AC 0
3 3376 0006AD 0006AD 0
3 3377 0006AE 0006AE 0
3 3378 0006AF 0006AF 0
3 3379 0006B0 0006B0 0
3 3380 0006B1 0006B1 0
3 3381 0006B2 0006B2 0
3 3382 0006B3 0006B3 0
3 3383 0006B4 0006B4 0
3 3384 0006B5 0006B5 0
3 3385 0006B6 0006B6 0
3 3386 0006B7 0006B7 0
3 3387 0006B8 0006B8 0
3 3388 0006B9 0006B9 0
3 3389 0006BA 0006BA 0
3 3390 0006BB 0006BB 0
3 3399 0006BC 0006BC 0
3 3400 0006BD 0006BD 0
3 3401 0006BE 0006BE 0
3 3402 0006BF 0006BF 0
3 3403 0006C0 0006C0 0
3 3404 0006C1 0006C1 0
3 3405 0006C2 0006C2 0
3 3411 0006C3 0006C3 0
3 3412 0006C4 0006C4 0
3 3413 0006C5 0006C5 0
3 3414 0006C6 0006C6 0
3 3415 0006C7 0006C7 0
3 3416 0006C8 0006C8 0
3 3417 0006C9 0006C9 0
3 3418 0006CA 0006CA 0
3 3419 0006CB 0006CB 0
3 3421 0006CC 0006CC 0
3 3422 0006CD 0006CD 0
3 3423 0006CE 0006CE 0
3 3424 0006CF 0006CF 0
3 3425 0006D0 0006D0 0
3 3426 0006D1 0006D1 0
3 3427 0006D2 0006D2 0
3 3429 0006D3 0006D3 0
3 3430 0006D4 0006D4 0
3 3431 0006D5 0006D5 0
3 3432 0006D6 0006D6 0
3 3433 0006D7 0006D7 0
3 3434 0006D8 0006D8 0
3 3435 0006D9 0006D9 0
3 3436 0006DA 0006DA 0
3 3437 0006DB 0006DB 0
3 3439 0006DC 0006DC 0
3 3440 0006DD 0006DD 0
3 3441 0006DE 0006DE 0
3 3442 0006DF 0006DF 0
3 3443 0006E0 0006E0 0
3 3444 0006E1 0006E1 0
3 3445 0006E2 0006E2 0
3 3447 0006E3 0006E3 0
3 3454 0006E4 0006E4 0
3 3455 0006E5 0006E5 0
3 3456 0006E6 0006E6 0
3 3461 0006E7 0006E7 0
3 3462 0006E8 0006E8 0
3 3463 0006E9 0006E9 0
3 3464 0006EA 0006EA 0
3 3465 0006EB 0006EB 0
3 3488 0006EC 0006EC 0
3 3489 0006ED 0006ED 0
3 3490 0006EE 0006EE 0
3 3492 0006EF 0006EF 0
3 3493 0006F0 0006F0 0
3 3495 0006F1 0006F1 0
3 3496 0006F2 0006F2 0
3 3498 0006F3 0006F3 0
3 3499 0006F4 0006F4 0
3 3500 0006F5 0006F5 0
3 3501 0006F6 0006F6 0
3 3502 0006F7 0006F7 0
3 3503 0006F8 0006F8 0
3 3504 0006F9 0006F9 0
3 3505 0006FA 0006FA 0
3 3506 0006FB 0006FB 0
3 3509 0006FC 0006FC 0
3 3510 0006FD 0006FD 0
3 3511 0006FE 0006FE 0
3 3512 0006FF 0006FF 0
3 3514 000700 000700 0
3 3515 000701 000701 0
3 3516 000702 000702 0
3 3517 000703 000703 0
3 3518 000704 000704 0
3 3519 000705 000705 0
3 3520 000706 000706 0
3 3524 000707 000707 0
3 3525 000708 000708 0
3 3526 000709 000709 0
3 3527 00070A 00070A 0
3 3528 00070B 00070B 0
3 3529 00070C 00070C 0
3 3531 00070D 00070D 0
3 3532 00070E 00070E 0
3 3533 00070F 00070F 0
3 3534 000710 000710 0
3 3535 000711 000711 0
3 3536 000712 000712 0
3 3537 000713 000713 0
3 3538 000714 000714 0
3 3539 000715 000715 0
3 3541 000716 000716 0
3 3542 000717 000717 0
3 3543 000718 000718 0
3 3544 000719 000719 0
3 3545 00071A 00071A 0
3 3546 00071B 00071B 0
3 3547 00071C 00071C 0
3 3548 00071D 00071D 0
3 3549 00071E 00071E 0
3 3550 00071F 00071F 0
3 3551 000720 000720 0
3 3552 000721 000721 0
3 3553 000722 000722 0
3 3554 000723 000723 0
3 3555 000724 000724 0
3 3556 000725 000725 0
3 3557 000726 000726 0
3 3558 000727 000727 0
3 3559 000728 000728 0
3 3560 000729 000729 0
3 3562 00072A 00072A 0
3 3563 00072B 00072B 0
3 3564 00072C 00072C 0
3 3566 00072D 00072D 0
3 3567 00072E 00072E 0
3 3568 00072F 00072F 0
3 3569 000730 000730 0
3 3570 000731 000731 0
3 3571 000732 000732 0
3 3572 000733 000733 0
3 3574 000734 000734 0
3 3575 000735 000735 0
3 3576 000736 000736 0
3 3577 000737 000737 0
3 3578 000738 000738 0
3 3579 000739 000739 0
3 3580 00073A 00073A 0
3 3581 00073B 00073B 0
3 3582 00073C 00073C 0
3 3583 00073D 00073D 0
3 3584 00073E 00073E 0
3 3586 00073F 00073F 0
3 3587 000740 000740 0
3 3588 000741 000741 0
3 3589 000742 000742 0
3 3590 000743 000743 0
3 3591 000744 000744 0
3 3592 000745 000745 0
3 3593 000746 000746 0
3 3594 000747 000747 0
3 3595 000748 000748 0
3 3596 000749 000749 0
3 3598 00074A 00074A 0
3 3599 00074B 00074B 0
3 3600 00074C 00074C 0
3 3602 00074D 00074D 0
3 3603 00074E 00074E 0
3 3604 00074F 00074F 0
3 3605 000750 000750 0
3 3606 000751 000751 0
3 3607 000752 000752 0
3 3608 000753 000753 0
3 3609 000754 000754 0
3 3610 000755 000755 0
3 3612 000756 000756 0
3 3613 000757 000757 0
3 3614 000758 000758 0
3 3615 000759 000759 0
3 3616 00075A 00075A 0
3 3617 00075B 00075B 0
3 3618 00075C 00075C 0
3 3619 00075D 00075D 0
3 3620 00075E 00075E 0
3 3621 00075F 00075F 0
3 3622 000760 000760 0
3 3623 000761 000761 0
3 3624 000762 000762 0
3 3625 000763 000763 0
3 3626 000764 000764 0
3 3627 000765 000765 0
3 3628 000766 000766 0
3 3636 000767 000767 0
3 3637 000768 000768 0
3 3642 000769 000769 0
3 3643 00076A 00076A 0
3 3644 00076B 00076B 0
3 3645 00076C 00076C 0
3 3647 00076D 00076D 0
3 3648 00076E 00076E 0
3 3649 00076F 00076F 0
3 3651 000770 000770 0
3 3652 000771 000771 0
3 3653 000772 000772 0
3 3654 000773 000773 0
3 3656 000774 000774 0
3 3657 000775 000775 0
3 3658 000776 000776 0
3 3660 000777 000777 0
3 3661 000778 000778 0
3 3662 000779 000779 0
3 3664 00077A 00077A 0
3 3665 00077B 00077B 0
3 3666 00077C 00077C 0
3 3667 00077D 00077D 0
3 3668 00077E 00077E 0
3 3669 00077F 00077F 0
3 3671 000780 000780 0
3 3672 000781 000781 0
3 3675 000782 000782 0
3 3676 000783 000783 0
3 3677 000784 000784 0
3 3679 000785 000785 0
3 3680 000786 000786 0
3 3681 000787 000787 0
3 3682 000788 000788 0
3 3684 000789 000789 0
3 3685 00078A 00078A 0
3 3686 00078B 00078B 0
3 3687 00078C 00078C 0
3 3688 00078D 00078D 0
3 3689 00078E 00078E 0
3 3690 00078F 00078F 0
3 3691 000790 000790 0
3 3692 000791 000791 0
3 3693 000792 000792 0
3 3694 000793 000793 0
3 3695 000794 000794 0
3 3696 000795 000795 0
3 3697 000796 000796 0
3 3698 000797 000797 0
3 3699 000798 000798 0
3 3700 000799 000799 0
3 3701 00079A 00079A 0
3 3704 00079B 00079B 0
3 3705 00079C 00079C 0
3 3706 00079D 00079D 0
3 3707 00079E 00079E 0
3 3708 00079F 00079F 0
3 3709 0007A0 0007A0 0
3 3710 0007A1 0007A1 0
3 3711 0007A2 0007A2 0
3 3712 0007A3 0007A3 0
3 3713 0007A4 0007A4 0
3 3715 0007A5 0007A5 0
3 3716 0007A6 0007A6 0
3 3717 0007A7 0007A7 0
3 3718 0007A8 0007A8 0
3 3719 0007A9 0007A9 0
3 3720 0007AA 0007AA 0
3 3721 0007AB 0007AB 0
3 3722 0007AC 0007AC 0
3 3723 0007AD 0007AD 0
3 3725 0007AE 0007AE 0
3 3726 0007AF 0007AF 0
3 3727 0007B0 0007B0 0
3 3728 0007B1 0007B1 0
3 3729 0007B2 0007B2 0
3 3735 0007B3 0007B3 0
3 3736 0007B4 0007B4 0
3 3737 0007B5 0007B5 0
3 3738 0007B6 0007B6 0
3 3739 0007B7 0007B7 0
3 3741 0007B8 0007B8 0
3 3742 0007B9 0007B9 0
3 3743 0007BA 0007BA 0
3 3744 0007BB 0007BB 0
3 3745 0007BC 0007BC 0
3 3769 0007BD 0007BD 0
3 3770 0007BE 0007BE 0
3 3771 0007BF 0007BF 0
3 3772 0007C0 0007C0 0
3 3773 0007C1 0007C1 0
3 3774 0007C2 0007C2 0
3 3777 0007C3 0007C3 0
3 3778 0007C4 0007C4 0
3 3779 0007C5 0007C5 0
3 3780 0007C6 0007C6 0
3 3781 0007C7 0007C7 0
3 3782 0007C8 0007C8 0
3 3783 0007C9 0007C9 0
3 3784 0007CA 0007CA 0
3 3785 0007CB 0007CB 0
3 3786 0007CC 0007CC 0
3 3787 0007CD 0007CD 0
3 3789 0007CE 0007CE 0
3 3790 0007CF 0007CF 0
3 3791 0007D0 0007D0 0
3 3792 0007D1 0007D1 0
3 3793 0007D2 0007D2 0
3 3794 0007D3 0007D3 0
3 3795 0007D4 0007D4 0
3 3796 0007D5 0007D5 0
3 3797 0007D6 0007D6 0
3 3798 0007D7 0007D7 0
3 3800 0007D8 0007D8 0
3 3801 0007D9 0007D9 0
3 3802 0007DA 0007DA 0
3 3804 0007DB 0007DB 0
3 3805 0007DC 0007DC 0
3 3806 0007DD 0007DD 0
3 3807 0007DE 0007DE 0
3 3808 0007DF 0007DF 0
3 3811 0007E0 0007E0 0
3 3812 0007E1 0007E1 0
3 3813 0007E2 0007E2 0
3 3814 0007E3 0007E3 0
3 3815 0007E4 0007E4 0
3 3816 0007E5 0007E5 0
3 3818 0007E6 0007E6 0
3 3819 0007E7 0007E7 0
3 3820 0007E8 0007E8 0
3 3822 0007E9 0007E9 0
3 3823 0007EA 0007EA 0
3 3824 0007EB 0007EB 0
3 3827 0007EC 0007EC 0
3 3828 0007ED 0007ED 0
3 3829 0007EE 0007EE 0
3 3832 0007EF 0007EF 0
3 3833 0007F0 0007F0 0
3 3834 0007F1 0007F1 0
3 3835 0007F2 0007F2 0
3 3836 0007F3 0007F3 0
3 3837 0007F4 0007F4 0
3 3838 0007F5 0007F5 0
3 3840 0007F6 0007F6 0
3 3841 0007F7 0007F7 0
3 3842 0007F8 0007F8 0
3 3844 0007F9 0007F9 0
3 3845 0007FA 0007FA 0
3 3846 0007FB 0007FB 0
3 3847 0007FC 0007FC 0
3 3848 0007FD 0007FD 0
3 3849 0007FE 0007FE 0
3 3850 0007FF 0007FF 0
3 3852 000800 000800 0
3 3853 000801 000801 0
3 3854 000802 000802 0
3 3855 000803 000803 0
3 3887 000804 000804 0
3 3888 000805 000805 0
3 3889 000806 000806 0
3 3890 000807 000807 0
3 3891 000808 000808 0
3 3892 000809 000809 0
3 3893 00080A 00080A 0
3 3894 00080B 00080B 0
3 3895 00080C 00080C 0
3 3896 00080D 00080D 0
3 3897 00080E 00080E 0
3 3916 00080F 00080F 0
3 3917 000810 000810 0
3 3918 000811 000811 0
3 3919 000812 000812 0
3 3920 000813 000813 0
3 3924 000814 000814 0
3 3925 000815 000815 0
3 3926 000816 000816 0
3 3927 000817 000817 0
3 3928 000818 000818 0
3 3929 000819 000819 0
3 3930 00081A 00081A 0
3 3931 00081B 00081B 0
3 3932 00081C 00081C 0
3 3933 00081D 00081D 0
3 3934 00081E 00081E 0
3 3935 00081F 00081F 0
3 3937 000820 000820 0
3 3938 000821 000821 0
3 3939 000822 000822 0
3 3940 000823 000823 0
3 3943 000824 000824 0
3 3944 000825 000825 0
3 3957 000826 000826 0
3 3958 000827 000827 0
3 3959 000828 000828 0
3 3960 000829 000829 0
3 3961 00082A 00082A 0
3 3963 00082B 00082B 0
3 3966 00082C 00082C 0
3 3967 00082D 00082D 0
3 3968 00082E 00082E 0
3 3969 00082F 00082F 0
3 3970 000830 000830 0
3 3972 000831 000831 0
3 3973 000832 000832 0
3 3974 000833 000833 0
3 3975 000834 000834 0
3 3977 000835 000835 0
3 3978 000836 000836 0
3 3979 000837 000837 0
3 3982 000838 000838 0
3 3983 000839 000839 0
3 3984 00083A 00083A 0
3 3986 00083B 00083B 0
3 3987 00083C 00083C 0
3 3988 00083D 00083D 0
3 3989 00083E 00083E 0
3 3991 00083F 00083F 0
3 3992 000840 000840 0
3 3993 000841 000841 0
3 3994 000842 000842 0
3 3996 000843 000843 0
3 3997 000844 000844 0
3 3998 000845 000845 0
3 3999 000846 000846 0
3 4001 000847 000847 0
3 4002 000848 000848 0
3 4003 000849 000849 0
3 4004 00084A 00084A 0
3 4006 00084B 00084B 0
3 4007 00084C 00084C 0
3 4008 00084D 00084D 0
3 4009 00084E 00084E 0
3 4011 00084F 00084F 0
3 4012 000850 000850 0
3 4013 000851 000851 0
3 4014 000852 000852 0
3 4016 000853 000853 0
3 4017 000854 000854 0
3 4018 000855 000855 0
3 4019 000856 000856 0
3 4021 000857 000857 0
3 4022 000858 000858 0
3 4023 000859 000859 0
3 4024 00085A 00085A 0
3 4026 00085B 00085B 0
3 4027 00085C 00085C 0
3 4028 00085D 00085D 0
3 4029 00085E 00085E 0
3 4031 00085F 00085F 0
3 4032 000860 000860 0
3 4033 000861 000861 0
3 4034 000862 000862 0
3 4036 000863 000863 0
3 4037 000864 000864 0
3 4038 000865 000865 0
3 4039 000866 000866 0
3 4041 000867 000867 0
3 4042 000868 000868 0
3 4043 000869 000869 0
3 4044 00086A 00086A 0
3 4046 00086B 00086B 0
3 4047 00086C 00086C 0
3 4048 00086D 00086D 0
3 4049 00086E 00086E 0
3 4051 00086F 00086F 0
3 4052 000870 000870 0
3 4053 000871 000871 0
3 4054 000872 000872 0
3 4056 000873 000873 0
3 4057 000874 000874 0
3 4058 000875 000875 0
3 4059 000876 000876 0
3 4061 000877 000877 0
3 4062 000878 000878 0
3 4063 000879 000879 0
3 4064 00087A 00087A 0
3 4066 00087B 00087B 0
3 4067 00087C 00087C 0
3 4068 00087D 00087D 0
3 4069 00087E 00087E 0
3 4071 00087F 00087F 0
3 4072 000880 000880 0
3 4073 000881 000881 0
3 4074 000882 000882 0
3 4076 000883 000883 0
3 4077 000884 000884 0
3 4078 000885 000885 0
3 4079 000886 000886 0
3 4081 000887 000887 0
3 4082 000888 000888 0
3 4083 000889 000889 0
3 4084 00088A 00088A 0
3 4086 00088B 00088B 0
3 4087 00088C 00088C 0
3 4088 00088D 00088D 0
3 4089 00088E 00088E 0
3 4090 00088F 00088F 0
3 4093 000890 000890 0
3 4094 000891 000891 0
3 4095 000892 000892 0
3 4101 000893 000893 0
3 4102 000894 000894 0
3 4103 000895 000895 0
3 4104 000896 000896 0
3 4106 000897 000897 0
3 4107 000898 000898 0
3 4108 000899 000899 0
3 4109 00089A 00089A 0
3 4110 00089B 00089B 0
3 4112 00089C 00089C 0
3 4113 00089D 00089D 0
3 4115 00089E 00089E 0
3 4116 00089F 00089F 0
3 4118 0008A0 0008A0 0
3 4119 0008A1 0008A1 0
3 4121 0008A2 0008A2 0
3 4122 0008A3 0008A3 0
3 4123 0008A4 0008A4 0
3 4124 0008A5 0008A5 0
3 4125 0008A6 0008A6 0
3 4127 0008A7 0008A7 0
3 4128 0008A8 0008A8 0
3 4129 0008A9 0008A9 0
3 4130 0008AA 0008AA 0
3 4131 0008AB 0008AB 0
3 4132 0008AC 0008AC 0
3 4133 0008AD 0008AD 0
3 4134 0008AE 0008AE 0
3 4135 0008AF 0008AF 0
3 4137 0008B0 0008B0 0
3 4138 0008B1 0008B1 0
3 4140 0008B2 0008B2 0
3 4141 0008B3 0008B3 0
3 4143 0008B4 0008B4 0
3 4144 0008B5 0008B5 0
3 4145 0008B6 0008B6 0
3 4146 0008B7 0008B7 0
3 4147 0008B8 0008B8 0
3 4148 0008B9 0008B9 0
3 4149 0008BA 0008BA 0
3 4150 0008BB 0008BB 0
3 4151 0008BC 0008BC 0
3 4156 0008BD 0008BD 0
3 4157 0008BE 0008BE 0
3 4158 0008BF 0008BF 0
3 4161 0008C0 0008C0 0
3 4162 0008C1 0008C1 0
3 4163 0008C2 0008C2 0
3 4164 0008C3 0008C3 0
3 4165 0008C4 0008C4 0
3 4166 0008C5 0008C5 0
3 4167 0008C6 0008C6 0
3 4171 0008C7 0008C7 0
3 4174 0008C8 0008C8 0
3 4176 0008C9 0008C9 0
3 4177 0008CA 0008CA 0
3 4178 0008CB 0008CB 0
3 4179 0008CC 0008CC 0
3 4180 0008CD 0008CD 0
3 4181 0008CE 0008CE 0
3 4182 0008CF 0008CF 0
3 4184 0008D0 0008D0 0
3 4185 0008D1 0008D1 0
3 4186 0008D2 0008D2 0
3 4187 0008D3 0008D3 0
3 4189 0008D4 0008D4 0
3 4190 0008D5 0008D5 0
3 4191 0008D6 0008D6 0
3 4192 0008D7 0008D7 0
3 4194 0008D8 0008D8 0
3 4195 0008D9 0008D9 0
3 4196 0008DA 0008DA 0
3 4197 0008DB 0008DB 0
3 4198 0008DC 0008DC 0
3 4201 0008DD 0008DD 0
3 4202 0008DE 0008DE 0
3 4203 0008DF 0008DF 0
3 4205 0008E0 0008E0 0
3 4206 0008E1 0008E1 0
3 4207 0008E2 0008E2 0
3 4217 000900 000900 0
3 4218 000901 000901 0
3 4219 000902 000902 0
3 4220 000903 000903 0
3 4221 000904 000904 0
3 4222 000905 000905 0
3 4223 000906 000906 0
3 4224 000907 000907 0
3 4225 000908 000908 0
3 4226 000909 000909 0
3 4227 00090A 00090A 0
3 4228 00090B 00090B 0
3 4229 00090C 00090C 0
3 4230 00090D 00090D 0
3 4231 00090E 00090E 0
3 4232 00090F 00090F 0
3 4233 000910 000910 0
3 4234 000911 000911 0
3 4235 000912 000912 0
3 4236 000913 000913 0
3 4237 000914 000914 0
3 4238 000915 000915 0
3 4239 000916 000916 0
3 4240 000917 000917 0
3 4241 000918 000918 0
3 4242 000919 000919 0
3 4243 00091A 00091A 0
3 4244 00091B 00091B 0
3 4245 00091C 00091C 0
3 4246 00091D 00091D 0
3 4247 00091E 00091E 0
3 4248 00091F 00091F 0
3 4249 000920 000920 0
3 4250 000921 000921 0
3 4251 000922 000922 0
3 4252 000923 000923 0
3 4253 000924 000924 0
3 4254 000925 000925 0
3 4255 000926 000926 0
3 4256 000927 000927 0
3 4257 000928 000928 0
3 4258 000929 000929 0
3 4259 00092A 00092A 0
3 4260 00092B 00092B 0
3 4261 00092C 00092C 0
3 4262 00092D 00092D 0
3 4263 00092E 00092E 0
3 4264 00092F 00092F 0
3 4265 000930 000930 0
3 4266 000931 000931 0
3 4267 000932 000932 0
3 4268 000933 000933 0
3 4269 000934 000934 0
3 4270 000935 000935 0
3 4271 000936 000936 0
3 4272 000937 000937 0
3 4273 000938 000938 0
3 4274 000939 000939 0
3 4275 00093A 00093A 0
3 4276 00093B 00093B 0
3 4277 00093C 00093C 0
3 4278 00093D 00093D 0
3 4279 00093E 00093E 0
3 4280 00093F 00093F 0
3 4281 000940 000940 0
3 4282 000941 000941 0
3 4283 000942 000942 0
3 4284 000943 000943 0
3 4285 000944 000944 0
3 4286 000945 000945 0
3 4287 000946 000946 0
3 4288 000947 000947 0
3 4289 000948 000948 0
3 4290 000949 000949 0
3 4291 00094A 00094A 0
3 4292 00094B 00094B 0
3 4293 00094C 00094C 0
3 4294 00094D 00094D 0
3 4295 00094E 00094E 0
3 4296 00094F 00094F 0
3 4297 000950 000950 0
3 4298 000951 000951 0
3 4299 000952 000952 0
3 4300 000953 000953 0
3 4301 000954 000954 0
3 4302 000955 000955 0
3 4303 000956 000956 0
3 4304 000957 000957 0
3 4305 000958 000958 0
3 4306 000959 000959 0
3 4307 00095A 00095A 0
3 4308 00095B 00095B 0
3 4309 00095C 00095C 0
3 4310 00095D 00095D 0
3 4311 00095E 00095E 0
3 4312 00095F 00095F 0
3 4313 000960 000960 0
3 4314 000961 000961 0
3 4315 000962 000962 0
3 4316 000963 000963 0
3 4317 000964 000964 0
3 4318 000965 000965 0
3 4319 000966 000966 0
3 4320 000967 000967 0
3 4321 000968 000968 0
3 4322 000969 000969 0
3 4323 00096A 00096A 0
3 4324 00096B 00096B 0
3 4325 00096C 00096C 0
3 4326 00096D 00096D 0
3 4327 00096E 00096E 0
3 4328 00096F 00096F 0
3 4329 000970 000970 0
3 4330 000971 000971 0
3 4331 000972 000972 0
3 4332 000973 000973 0
3 4333 000974 000974 0
3 4334 000975 000975 0
3 4335 000976 000976 0
3 4336 000977 000977 0
3 4337 000978 000978 0
3 4338 000979 000979 0
3 4339 00097A 00097A 0
3 4340 00097B 00097B 0
3 4341 00097C 00097C 0
3 4342 00097D 00097D 0
3 4343 00097E 00097E 0
3 4344 00097F 00097F 0
3 4372 000980 000980 0
3 4373 000981 000981 0
3 4374 000982 000982 0
3 4375 000983 000983 0
3 4376 000984 000984 0
3 4377 000985 000985 0
3 4378 000986 000986 0
3 4379 000987 000987 0
3 4380 000988 000988 0
3 4381 000989 000989 0
3 4382 00098A 00098A 0
3 4383 00098B 00098B 0
3 4384 00098C 00098C 0
3 4385 00098D 00098D 0
3 4386 00098E 00098E 0
3 4387 00098F 00098F 0
3 4388 000990 000990 0
3 4389 000991 000991 0
3 4390 000992 000992 0
3 4391 000993 000993 0
3 4392 000994 000994 0
3 4393 000995 000995 0
3 4394 000996 000996 0
3 4395 000997 000997 0
3 4396 000998 000998 0
3 4397 000999 000999 0
3 4398 00099A 00099A 0
3 4399 00099B 00099B 0
3 4400 00099C 00099C 0
3 4401 00099D 00099D 0
3 4402 00099E 00099E 0
3 4403 00099F 00099F 0
3 4404 0009A0 0009A0 0
3 4405 0009A1 0009A1 0
3 4406 0009A2 0009A2 0
3 4407 0009A3 0009A3 0
3 4408 0009A4 0009A4 0
3 4409 0009A5 0009A5 0
3 4410 0009A6 0009A6 0
3 4411 0009A7 0009A7 0
3 4412 0009A8 0009A8 0
3 4413 0009A9 0009A9 0
3 4414 0009AA 0009AA 0
3 4415 0009AB 0009AB 0
3 4416 0009AC 0009AC 0
3 4417 0009AD 0009AD 0
3 4418 0009AE 0009AE 0
3 4419 0009AF 0009AF 0
3 4420 0009B0 0009B0 0
3 4421 0009B1 0009B1 0
3 4422 0009B2 0009B2 0
3 4423 0009B3 0009B3 0
3 4424 0009B4 0009B4 0
3 4425 0009B5 0009B5 0
3 4426 0009B6 0009B6 0
3 4427 0009B7 0009B7 0
3 4428 0009B8 0009B8 0
3 4429 0009B9 0009B9 0
3 4430 0009BA 0009BA 0
3 4431 0009BB 0009BB 0
3 4432 0009BC 0009BC 0
3 4433 0009BD 0009BD 0
3 4434 0009BE 0009BE 0
3 4435 0009BF 0009BF 0
3 4436 0009C0 0009C0 0
3 4437 0009C1 0009C1 0
3 4438 0009C2 0009C2 0
3 4439 0009C3 0009C3 0
3 4440 0009C4 0009C4 0
3 4441 0009C5 0009C5 0
3 4442 0009C6 0009C6 0
3 4443 0009C7 0009C7 0
3 4444 0009C8 0009C8 0
3 4445 0009C9 0009C9 0
3 4446 0009CA 0009CA 0
3 4447 0009CB 0009CB 0
3 4448 0009CC 0009CC 0
3 4449 0009CD 0009CD 0
3 4450 0009CE 0009CE 0
3 4451 0009CF 0009CF 0
3 4452 0009D0 0009D0 0
3 4453 0009D1 0009D1 0
3 4454 0009D2 0009D2 0
3 4455 0009D3 0009D3 0
3 4456 0009D4 0009D4 0
3 4457 0009D5 0009D5 0
3 4458 0009D6 0009D6 0
3 4459 0009D7 0009D7 0
3 4460 0009D8 0009D8 0
3 4461 0009D9 0009D9 0
3 4462 0009DA 0009DA 0
3 4463 0009DB 0009DB 0
3 4464 0009DC 0009DC 0
3 4465 0009DD 0009DD 0
3 4466 0009DE 0009DE 0
3 4467 0009DF 0009DF 0
3 4468 0009E0 0009E0 0
3 4469 0009E1 0009E1 0
3 4470 0009E2 0009E2 0
3 4471 0009E3 0009E3 0
3 4472 0009E4 0009E4 0
3 4476 0009E5 0009E5 0
3 4477 0009E6 0009E6 0
3 4479 0009E7 0009E7 0
3 4482 0009E8 0009E8 0
3 4483 0009E9 0009E9 0
3 4484 0009EA 0009EA 0
3 4485 0009EB 0009EB 0
3 4486 0009EC 0009EC 0
3 4488 0009ED 0009ED 0
3 4489 0009EE 0009EE 0
3 4490 0009EF 0009EF 0
3 4491 0009F0 0009F0 0
3 4492 0009F1 0009F1 0
3 4493 0009F2 0009F2 0
3 4494 0009F3 0009F3 0
3 4495 0009F4 0009F4 0
3 4496 0009F5 0009F5 0
3 4497 0009F6 0009F6 0
3 4501 0009F7 0009F7 0
3 4502 0009F8 0009F8 0
3 4503 0009F9 0009F9 0
3 4504 0009FA 0009FA 0
3 4505 0009FB 0009FB 0
3 4508 0009FC 0009FC 0
3 4509 0009FD 0009FD 0
3 4510 0009FE 0009FE 0
3 4511 0009FF 0009FF 0
3 4512 000A00 000A00 0
3 4513 000A01 000A01 0
3 4514 000A02 000A02 0
3 4515 000A03 000A03 0
3 4517 000A04 000A04 0
3 4518 000A05 000A05 0
3 4519 000A06 000A06 0
3 4521 000A07 000A07 0
3 4522 000A08 000A08 0
3 4523 000A09 000A09 0
3 4524 000A0A 000A0A 0
3 4525 000A0B 000A0B 0
3 4526 000A0C 000A0C 0
3 4527 000A0D 000A0D 0
3 4528 000A0E 000A0E 0
3 4530 000A0F 000A0F 0
3 4531 000A10 000A10 0
3 4532 000A11 000A11 0
3 4533 000A12 000A12 0
3 4534 000A13 000A13 0
3 4536 000A14 000A14 0
3 4537 000A15 000A15 0
3 4538 000A16 000A16 0
3 4539 000A17 000A17 0
3 4541 000A18 000A18 0
3 4542 000A19 000A19 0
3 4543 000A1A 000A1A 0
3 4544 000A1B 000A1B 0
3 4546 000A1C 000A1C 0
3 4547 000A1D 000A1D 0
3 4548 000A1E 000A1E 0
3 4549 000A1F 000A1F 0
3 4551 000A20 000A20 0
4 4 000A21 000A21 0
4 5 000A22 000A22 0
4 7 000A23 000A23 0
4 8 000A24 000A24 0
4 9 000A25 000A25 0
4 10 000A26 000A26 0
4 11 000A27 000A27 0
4 12 000A28 000A28 0
4 13 000A29 000A29 0
4 14 000A2A 000A2A 0
4 16 000A2B 000A2B 0
4 17 000A2C 000A2C 0
4 18 000A2D 000A2D 0
4 19 000A2E 000A2E 0
4 20 000A2F 000A2F 0
4 21 000A30 000A30 0
4 22 000A31 000A31 0
4 24 000A32 000A32 0
4 25 000A33 000A33 0
4 26 000A34 000A34 0
4 27 000A35 000A35 0
4 30 000A36 000A36 0
4 31 000A37 000A37 0
4 32 000A38 000A38 0
4 33 000A39 000A39 0
4 35 000A3A 000A3A 0
4 36 000A3B 000A3B 0
4 37 000A3C 000A3C 0
4 40 000A3D 000A3D 0
4 43 000A3E 000A3E 0
4 44 000A3F 000A3F 0
4 46 000A40 000A40 0
4 47 000A41 000A41 0
4 48 000A42 000A42 0
4 49 000A43 000A43 0
4 50 000A44 000A44 0
4 51 000A45 000A45 0
4 52 000A46 000A46 0
4 54 000A47 000A47 0
4 55 000A48 000A48 0
4 56 000A49 000A49 0
4 57 000A4A 000A4A 0
4 58 000A4B 000A4B 0
4 59 000A4C 000A4C 0
4 60 000A4D 000A4D 0
4 61 000A4E 000A4E 0
4 63 000A4F 000A4F 0
4 64 000A50 000A50 0
4 65 000A51 000A51 0
4 66 000A52 000A52 0
4 67 000A53 000A53 0
4 68 000A54 000A54 0
4 71 000A55 000A55 0
4 72 000A56 000A56 0
4 73 000A57 000A57 0
4 74 000A58 000A58 0
4 77 000A59 000A59 0
4 79 000A5A 000A5A 0
4 80 000A5B 000A5B 0
4 81 000A5C 000A5C 0
4 82 000A5D 000A5D 0
4 83 000A5E 000A5E 0
4 84 000A5F 000A5F 0
4 86 000A60 000A60 0
4 87 000A61 000A61 0
4 88 000A62 000A62 0
4 89 000A63 000A63 0
4 90 000A64 000A64 0
4 91 000A65 000A65 0
4 92 000A66 000A66 0
4 93 000A67 000A67 0
4 94 000A68 000A68 0
4 96 000A69 000A69 0
4 97 000A6A 000A6A 0
4 98 000A6B 000A6B 0
4 99 000A6C 000A6C 0
4 101 000A6D 000A6D 0
4 102 000A6E 000A6E 0
4 103 000A6F 000A6F 0
4 104 000A70 000A70 0
4 105 000A71 000A71 0
4 107 000A72 000A72 0
4 108 000A73 000A73 0
4 109 000A74 000A74 0
4 110 000A75 000A75 0
4 111 000A76 000A76 0
4 112 000A77 000A77 0
4 113 000A78 000A78 0
4 115 000A79 000A79 0
4 116 000A7A 000A7A 0
4 119 000A7B 000A7B 0
4 120 000A7C 000A7C 0
4 121 000A7D 000A7D 0
4 122 000A7E 000A7E 0
4 124 000A7F 000A7F 0
4 125 000A80 000A80 0
4 126 000A81 000A81 0
4 127 000A82 000A82 0
4 128 000A83 000A83 0
4 129 000A84 000A84 0
4 131 000A85 000A85 0
4 132 000A86 000A86 0
4 133 000A87 000A87 0
4 134 000A88 000A88 0
4 136 000A89 000A89 0
4 139 000A8A 000A8A 0
4 140 000A8B 000A8B 0
4 141 000A8C 000A8C 0
4 143 000A8D 000A8D 0
4 144 000A8E 000A8E 0
4 145 000A8F 000A8F 0
4 146 000A90 000A90 0
4 149 000A91 000A91 0
4 150 000A92 000A92 0
4 151 000A93 000A93 0
4 152 000A94 000A94 0
4 153 000A95 000A95 0
4 154 000A96 000A96 0
4 158 000A97 000A97 0
4 159 000A98 000A98 0
4 160 000A99 000A99 0
4 161 000A9A 000A9A 0
4 162 000A9B 000A9B 0
4 163 000A9C 000A9C 0
4 164 000A9D 000A9D 0
4 165 000A9E 000A9E 0
4 166 000A9F 000A9F 0
4 168 000AA0 000AA0 0
4 169 000AA1 000AA1 0
4 170 000AA2 000AA2 0
4 171 000AA3 000AA3 0
4 172 000AA4 000AA4 0
4 173 000AA5 000AA5 0
4 174 000AA6 000AA6 0
4 175 000AA7 000AA7 0
4 176 000AA8 000AA8 0
4 178 000AA9 000AA9 0
4 179 000AAA 000AAA 0
4 180 000AAB 000AAB 0
4 181 000AAC 000AAC 0
4 182 000AAD 000AAD 0
4 183 000AAE 000AAE 0
4 184 000AAF 000AAF 0
4 185 000AB0 000AB0 0
4 186 000AB1 000AB1 0
4 191 000AB2 000AB2 0
4 192 000AB3 000AB3 0
4 193 000AB4 000AB4 0
4 194 000AB5 000AB5 0
4 195 000AB6 000AB6 0
4 196 000AB7 000AB7 0
4 197 000AB8 000AB8 0
4 198 000AB9 000AB9 0
4 199 000ABA 000ABA 0
4 200 000ABB 000ABB 0
4 201 000ABC 000ABC 0
4 202 000ABD 000ABD 0
4 203 000ABE 000ABE 0
4 204 000ABF 000ABF 0
4 208 000AC0 000AC0 0
4 209 000AC1 000AC1 0
4 211 000AC2 000AC2 0
4 212 000AC3 000AC3 0
4 213 000AC4 000AC4 0
4 215 000AC5 000AC5 0
4 216 000AC6 000AC6 0
4 218 000AC7 000AC7 0
4 219 000AC8 000AC8 0
4 220 000AC9 000AC9 0
4 221 000ACA 000ACA 0
4 223 000ACB 000ACB 0
4 224 000ACC 000ACC 0
4 225 000ACD 000ACD 0
4 226 000ACE 000ACE 0
4 227 000ACF 000ACF 0
4 228 000AD0 000AD0 0
4 229 000AD1 000AD1 0
4 230 000AD2 000AD2 0
4 231 000AD3 000AD3 0
4 234 000AD4 000AD4 0
4 238 000AD5 000AD5 0
4 239 000AD6 000AD6 0
4 240 000AD7 000AD7 0
4 244 000AD8 000AD8 0
4 245 000AD9 000AD9 0
4 247 000ADA 000ADA 0
4 248 000ADB 000ADB 0
4 249 000ADC 000ADC 0
4 250 000ADD 000ADD 0
4 251 000ADE 000ADE 0
4 252 000ADF 000ADF 0
4 253 000AE0 000AE0 0
4 255 000AE1 000AE1 0
4 256 000AE2 000AE2 0
4 258 000AE3 000AE3 0
4 259 000AE4 000AE4 0
4 260 000AE5 000AE5 0
4 263 000AE6 000AE6 0
4 264 000AE7 000AE7 0
4 265 000AE8 000AE8 0
4 266 000AE9 000AE9 0
4 267 000AEA 000AEA 0
4 268 000AEB 000AEB 0
4 269 000AEC 000AEC 0
4 270 000AED 000AED 0
4 271 000AEE 000AEE 0
4 273 000AEF 000AEF 0
4 276 000AF0 000AF0 0
4 277 000AF1 000AF1 0
4 278 000AF2 000AF2 0
4 279 000AF3 000AF3 0
4 280 000AF4 000AF4 0
4 281 000AF5 000AF5 0
4 282 000AF6 000AF6 0
4 284 000AF7 000AF7 0
4 285 000AF8 000AF8 0
4 286 000AF9 000AF9 0
4 287 000AFA 000AFA 0
4 288 000AFB 000AFB 0
4 289 000AFC 000AFC 0
4 290 000AFD 000AFD 0
4 291 000AFE 000AFE 0
4 292 000AFF 000AFF 0
4 299 000B00 000B00 0
4 301 000B01 000B01 0
4 302 000B02 000B02 0
4 303 000B03 000B03 0
4 304 000B04 000B04 0
4 305 000B05 000B05 0
4 306 000B06 000B06 0
4 307 000B07 000B07 0
4 308 000B08 000B08 0
4 309 000B09 000B09 0
4 310 000B0A 000B0A 0
4 311 000B0B 000B0B 0
4 312 000B0C 000B0C 0
4 313 000B0D 000B0D 0
4 314 000B0E 000B0E 0
4 315 000B0F 000B0F 0
4 316 000B10 000B10 0
4 317 000B11 000B11 0
4 318 000B12 000B12 0
4 319 000B13 000B13 0
4 320 000B14 000B14 0
4 321 000B15 000B15 0
4 322 000B16 000B16 0
4 323 000B17 000B17 0
4 325 000B18 000B18 0
4 326 000B19 000B19 0
4 327 000B1A 000B1A 0
4 328 000B1B 000B1B 0
4 329 000B1C 000B1C 0
4 330 000B1D 000B1D 0
4 332 000B1E 000B1E 0
4 333 000B1F 000B1F 0
4 334 000B20 000B20 0
4 335 000B21 000B21 0
4 336 000B22 000B22 0
4 337 000B23 000B23 0
4 339 000B24 000B24 0
4 340 000B25 000B25 0
4 341 000B26 000B26 0
4 342 000B27 000B27 0
4 343 000B28 000B28 0
4 344 000B29 000B29 0
4 346 000B2A 000B2A 0
4 347 000B2B 000B2B 0
4 348 000B2C 000B2C 0
4 349 000B2D 000B2D 0
4 350 000B2E 000B2E 0
4 351 000B2F 000B2F 0
4 353 000B30 000B30 0
4 354 000B31 000B31 0
4 355 000B32 000B32 0
4 356 000B33 000B33 0
4 357 000B34 000B34 0
4 358 000B35 000B35 0
4 360 000B36 000B36 0
4 361 000B37 000B37 0
4 362 000B38 000B38 0
4 363 000B39 000B39 0
4 364 000B3A 000B3A 0
4 365 000B3B 000B3B 0
4 371 000B3C 000B3C 0
4 373 000B3D 000B3D 0
4 374 000B3E 000B3E 0
4 375 000B3F 000B3F 0
4 376 000B40 000B40 0
4 377 000B41 000B41 0
4 378 000B42 000B42 0
4 379 000B43 000B43 0
4 380 000B44 000B44 0
4 381 000B45 000B45 0
4 382 000B46 000B46 0
4 383 000B47 000B47 0
4 384 000B48 000B48 0
4 385 000B49 000B49 0
4 386 000B4A 000B4A 0
4 387 000B4B 000B4B 0
4 388 000B4C 000B4C 0
4 389 000B4D 000B4D 0
4 390 000B4E 000B4E 0
4 391 000B4F 000B4F 0
4 392 000B50 000B50 0
4 393 000B51 000B51 0
4 394 000B52 000B52 0
4 395 000B53 000B53 0
4 397 000B54 000B54 0
4 398 000B55 000B55 0
4 399 000B56 000B56 0
4 400 000B57 000B57 0
4 401 000B58 000B58 0
4 402 000B59 000B59 0
4 404 000B5A 000B5A 0
4 405 000B5B 000B5B 0
4 406 000B5C 000B5C 0
4 407 000B5D 000B5D 0
4 408 000B5E 000B5E 0
4 409 000B5F 000B5F 0
4 411 000B60 000B60 0
4 412 000B61 000B61 0
4 413 000B62 000B62 0
4 414 000B63 000B63 0
4 415 000B64 000B64 0
4 416 000B65 000B65 0
4 418 000B66 000B66 0
4 419 000B67 000B67 0
4 420 000B68 000B68 0
4 421 000B69 000B69 0
4 422 000B6A 000B6A 0
4 423 000B6B 000B6B 0
5 9 000C00 000C00 0
5 11 000C01 000C01 0
5 12 000C02 000C02 0
5 13 000C03 000C03 0
5 14 000C04 000C04 0
5 15 000C05 000C05 0
5 16 000C06 000C06 0
5 17 000C07 000C07 0
5 18 000C08 000C08 0
5 19 000C09 000C09 0
5 20 000C0A 000C0A 0
5 21 000C0B 000C0B 0
5 22 000C0C 000C0C 0
5 23 000C0D 000C0D 0
5 24 000C0E 000C0E 0
5 25 000C0F 000C0F 0
5 26 000C10 000C10 0
5 27 000C11 000C11 0
5 28 000C12 000C12 0
5 33 000C13 000C13 0
5 34 000C14 000C14 0
5 35 000C15 000C15 0
5 36 000C16 000C16 0
5 37 000C17 000C17 0
5 38 000C18 000C18 0
5 39 000C19 000C19 0
5 40 000C1A 000C1A 0
5 41 000C1B 000C1B 0
5 46 000C1C 000C1C 0
5 47 000C1D 000C1D 0
5 48 000C1E 000C1E 0
5 49 000C1F 000C1F 0
5 50 000C20 000C20 0
5 51 000C21 000C21 0
5 52 000C22 000C22 0
5 53 000C23 000C23 0
5 54 000C24 000C24 0
5 59 000C25 000C25 0
5 60 000C26 000C26 0
5 61 000C27 000C27 0
5 62 000C28 000C28 0
5 63 000C29 000C29 0
5 64 000C2A 000C2A 0
5 65 000C2B 000C2B 0
5 66 000C2C 000C2C 0
5 67 000C2D 000C2D 0
5 71 000C2E 000C2E 0
5 72 000C2F 000C2F 0
5 73 000C30 000C30 0
5 74 000C31 000C31 0
5 75 000C32 000C32 0
5 76 000C33 000C33 0
5 77 000C34 000C34 0
5 122 000C35 000C35 0
5 123 000C36 000C36 0
5 124 000C37 000C37 0
5 125 000C38 000C38 0
5 130 000C39 000C39 0
5 131 000C3A 000C3A 0
5 133 000C3B 000C3B 0
5 134 000C3C 000C3C 0
5 135 000C3D 000C3D 0
5 136 000C3E 000C3E 0
5 137 000C3F 000C3F 0
5 138 000C40 000C40 0
5 139 000C41 000C41 0
5 140 000C42 000C42 0
5 148 000C43 000C43 0
5 149 000C44 000C44 0
5 151 000C45 000C45 0
5 152 000C46 000C46 0
5 153 000C47 000C47 0
5 154 000C48 000C48 0
5 155 000C49 000C49 0
5 156 000C4A 000C4A 0
5 157 000C4B 000C4B 0
5 158 000C4C 000C4C 0
5 159 000C4D 000C4D 0
5 160 000C4E 000C4E 0
5 161 000C4F 000C4F 0
5 162 000C50 000C50 0
5 163 000C51 000C51 0
5 164 000C52 000C52 0
5 165 000C53 000C53 0
5 166 000C54 000C54 0
5 167 000C55 000C55 0
5 168 000C56 000C56 0
5 169 000C57 000C57 0
5 170 000C58 000C58 0
5 171 000C59 000C59 0
5 172 000C5A 000C5A 0
5 173 000C5B 000C5B 0
5 174 000C5C 000C5C 0
5 175 000C5D 000C5D 0
5 176 000C5E 000C5E 0
5 187 000C5F 000C5F 0
5 188 000C60 000C60 0
5 189 000C61 000C61 0
5 190 000C62 000C62 0
5 191 000C63 000C63 0
5 192 000C64 000C64 0
5 194 000C65 000C65 0
5 195 000C66 000C66 0
5 197 000C67 000C67 0
5 198 000C68 000C68 0
5 200 000C69 000C69 0
5 201 000C6A 000C6A 0
5 202 000C6B 000C6B 0
5 203 000C6C 000C6C 0
5 204 000C6D 000C6D 0
5 205 000C6E 000C6E 0
5 206 000C6F 000C6F 0
5 207 000C70 000C70 0
5 209 000C71 000C71 0
5 210 000C72 000C72 0
5 211 000C73 000C73 0
5 212 000C74 000C74 0
5 213 000C75 000C75 0
5 214 000C76 000C76 0
5 215 000C77 000C77 0
5 216 000C78 000C78 0
5 218 000C79 000C79 0
5 219 000C7A 000C7A 0
5 220 000C7B 000C7B 0
5 221 000C7C 000C7C 0
5 222 000C7D 000C7D 0
5 223 000C7E 000C7E 0
5 224 000C7F 000C7F 0
5 225 000C80 000C80 0
5 227 000C81 000C81 0
5 228 000C82 000C82 0
5 229 000C83 000C83 0
5 230 000C84 000C84 0
5 231 000C85 000C85 0
5 232 000C86 000C86 0
5 233 000C87 000C87 0
5 234 000C88 000C88 0
5 236 000C89 000C89 0
5 237 000C8A 000C8A 0
5 238 000C8B 000C8B 0
5 239 000C8C 000C8C 0
5 240 000C8D 000C8D 0
5 241 000C8E 000C8E 0
5 242 000C8F 000C8F 0
5 243 000C90 000C90 0
5 245 000C91 000C91 0
5 246 000C92 000C92 0
5 247 000C93 000C93 0
5 248 000C94 000C94 0
5 249 000C95 000C95 0
5 250 000C96 000C96 0
5 251 000C97 000C97 0
5 252 000C98 000C98 0
5 254 000C99 000C99 0
5 255 000C9A 000C9A 0
5 256 000C9B 000C9B 0
5 257 000C9C 000C9C 0
5 258 000C9D 000C9D 0
5 259 000C9E 000C9E 0
5 260 000C9F 000C9F 0
5 261 000CA0 000CA0 0
5 263 000CA1 000CA1 0
5 265 000CA2 000CA2 0
5 266 000CA3 000CA3 0
5 267 000CA4 000CA4 0
5 268 000CA5 000CA5 0
5 269 000CA6 000CA6 0
5 270 000CA7 000CA7 0
5 271 000CA8 000CA8 0
5 272 000CA9 000CA9 0
5 273 000CAA 000CAA 0
5 274 000CAB 000CAB 0
5 275 000CAC 000CAC 0
5 276 000CAD 000CAD 0
5 277 000CAE 000CAE 0
5 278 000CAF 000CAF 0
5 279 000CB0 000CB0 0
5 280 000CB1 000CB1 0
5 281 000CB2 000CB2 0
5 282 000CB3 000CB3 0
5 283 000CB4 000CB4 0
5 284 000CB5 000CB5 0
5 296 000CB6 000CB6 0
5 297 000CB7 000CB7 0
5 298 000CB8 000CB8 0
5 299 000CB9 000CB9 0
5 300 000CBA 000CBA 0
5 301 000CBB 000CBB 0
5 302 000CBC 000CBC 0
5 303 000CBD 000CBD 0
5 304 000CBE 000CBE 0
5 305 000CBF 000CBF 0
5 306 000CC0 000CC0 0
5 367 000D78 000D78 0
5 369 000D79 000D79 0
5 370 000D7A 000D7A 0
5 371 000D7B 000D7B 0
5 372 000D7C 000D7C 0
5 373 000D7D 000D7D 0
5 374 000D7E 000D7E 0
5 375 000D7F 000D7F 0
5 376 000D80 000D80 0
5 377 000D81 000D81 0
5 378 000D82 000D82 0
5 379 000D83 000D83 0
5 380 000D84 000D84 0
5 381 000D85 000D85 0
5 382 000D86 000D86 0
5 383 000D87 000D87 0
5 384 000D88 000D88 0
5 387 000D89 000D89 0
5 388 000D8A 000D8A 0
5 389 000D8B 000D8B 0
5 390 000D8C 000D8C 0
5 391 000D8D 000D8D 0
5 392 000D8E 000D8E 0
5 393 000D8F 000D8F 0
5 394 000D90 000D90 0
5 395 000D91 000D91 0
5 396 000D92 000D92 0
5 397 000D93 000D93 0
5 398 000D94 000D94 0
5 399 000D95 000D95 0
5 400 000D96 000D96 0
5 401 000D97 000D97 0
5 402 000D98 000D98 0
5 403 000D99 000D99 0
5 404 000D9A 000D9A 0
5 405 000D9B 000D9B 0
5 418 000E00 000E00 0
5 421 000E01 000E01 0
5 422 000E02 000E02 0
5 423 000E03 000E03 0
5 424 000E04 000E04 0
5 425 000E05 000E05 0
5 426 000E06 000E06 0
5 427 000E07 000E07 0
5 428 000E08 000E08 0
5 429 000E09 000E09 0
5 430 000E0A 000E0A 0
5 431 000E0B 000E0B 0
5 432 000E0C 000E0C 0
5 433 000E0D 000E0D 0
5 434 000E0E 000E0E 0
5 435 000E0F 000E0F 0
5 436 000E10 000E10 0
5 462 000E11 000E11 0
5 463 000E12 000E12 0
5 464 000E13 000E13 0
5 465 000E14 000E14 0
5 466 000E15 000E15 0
5 467 000E16 000E16 0
5 468 000E17 000E17 0
5 469 000E18 000E18 0
5 470 000E19 000E19 0
5 471 000E1A 000E1A 0
5 472 000E1B 000E1B 0
5 473 000E1C 000E1C 0
5 474 000E1D 000E1D 0
5 475 000E1E 000E1E 0
5 476 000E1F 000E1F 0
5 477 000E20 000E20 0
5 478 000E21 000E21 0
5 479 000E22 000E22 0
5 480 000E23 000E23 0
5 481 000E24 000E24 0
5 482 000E25 000E25 0
5 483 000E26 000E26 0
5 484 000E27 000E27 0
5 485 000E28 000E28 0
5 486 000E29 000E29 0
5 487 000E2A 000E2A 0
5 488 000E2B 000E2B 0
5 489 000E2C 000E2C 0
5 490 000E2D 000E2D 0
5 491 000E2E 000E2E 0
5 492 000E2F 000E2F 0
5 493 000E30 000E30 0
5 494 000E31 000E31 0
5 495 000E32 000E32 0
5 496 000E33 000E33 0
5 497 000E34 000E34 0
5 498 000E35 000E35 0
5 499 000E36 000E36 0
5 527 000F00 000F00 0
5 529 000F01 000F01 0
5 530 000F02 000F02 0
5 531 000F03 000F03 0
5 532 000F04 000F04 0
5 533 000F05 000F05 0
5 534 000F06 000F06 0
5 535 000F07 000F07 0
5 536 000F08 000F08 0
5 537 000F09 000F09 0
5 538 000F0A 000F0A 0
5 539 000F0B 000F0B 0
5 540 000F0C 000F0C 0
5 541 000F0D 000F0D 0
5 542 000F0E 000F0E 0
5 543 000F0F 000F0F 0
5 544 000F10 000F10 0
5 546 000F11 000F11 0
5 547 000F12 000F12 0
5 548 000F13 000F13 0
5 549 000F14 000F14 0
5 550 000F15 000F15 0
5 551 000F16 000F16 0
5 552 000F17 000F17 0
5 553 000F18 000F18 0
5 554 000F19 000F19 0
5 555 000F1A 000F1A 0
5 556 000F1B 000F1B 0
5 557 000F1C 000F1C 0
5 558 000F1D 000F1D 0
5 559 000F1E 000F1E 0
5 560 000F1F 000F1F 0
5 561 000F20 000F20 0
5 562 000F21 000F21 0
5 563 000F22 000F22 0
5 564 000F23 000F23 0
5 565 000F24 000F24 0
5 566 000F25 000F25 0
5 567 000F26 000F26 0
5 568 000F27 000F27 0
5 569 000F28 000F28 0
5 570 000F29 000F29 0
5 571 000F2A 000F2A 0
5 572 000F2B 000F2B 0
5 573 000F2C 000F2C 0
5 574 000F2D 000F2D 0
5 575 000F2E 000F2E 0
5 576 000F2F 000F2F 0
5 577 000F30 000F30 0
5 578 000F31 000F31 0
5 579 000F32 000F32 0
5 580 000F33 000F33 0
5 581 000F34 000F34 0
5 582 000F35 000F35 0
5 583 000F36 000F36 0
}
ASM FILE 1 {
D:\Projects\TMU3132\TMU3132_HID_webkey_tino_getreport01h\TMU3132_HID_webkey_tino\DEBUGFILE\_DeclFuncExportName_1.s
@@@@@: CODE 0
}
ASM FILE 1 {
D:\Projects\TMU3132\TMU3132_HID_webkey_tino_getreport01h\TMU3132_HID_webkey_tino\DEBUGFILE\_DeclFuncExportName_1.s
@@@@@: CODE 0
}
